t,Dn,Dm,Dx,Sn,Sm,Sx,Ta,Ua,Pa,Rc,Rd,Ri
0,24.0,25.0,31.0,1.6,1.6,1.7,12.4,52.2,948.7,536.7,42280.0,0.0
60,18.0,18.0,19.0,2.0,2.0,2.0,12.4,51.0,948.7,536.7,42280.0,0.0
120,14.0,21.0,27.0,1.4,1.6,1.9,12.3,52.2,948.8,536.7,42280.0,0.0
180,11.0,13.0,16.0,1.7,1.8,1.9,12.4,49.0,948.8,536.7,42280.0,0.0
240,11.0,14.0,17.0,1.4,1.5,1.6,12.4,48.4,948.7,536.7,42280.0,0.0
300,3.0,7.0,11.0,1.1,1.2,1.2,12.5,47.7,948.8,536.7,42280.0,0.0
360,2.0,3.0,4.0,1.1,1.1,1.2,12.5,46.4,948.8,536.7,42280.0,0.0
420,0.0,353.0,348.0,0.8,0.9,1.0,12.5,46.1,948.8,536.7,42280.0,0.0
480,4.0,357.0,350.0,0.6,0.7,0.8,12.6,45.6,948.7,536.7,42280.0,0.0
540,6.0,16.0,31.0,0.2,0.3,0.4,12.7,45.5,948.8,536.7,42280.0,0.0
600,44.0,60.0,81.0,0.2,0.3,0.3,12.7,45.3,948.7,536.7,42280.0,0.0
660,123.0,148.0,163.0,0.7,0.8,1.1,12.7,44.7,948.7,536.7,42280.0,0.0
720,163.0,191.0,238.0,0.1,0.4,0.8,12.8,44.3,948.7,536.7,42280.0,0.0
780,163.0,173.0,189.0,0.6,0.6,0.7,12.8,44.3,948.7,536.7,42280.0,0.0
840,185.0,190.0,196.0,0.5,0.6,0.7,12.9,44.3,948.7,536.7,42280.0,0.0
900,196.0,202.0,210.0,0.5,0.6,0.7,12.8,44.3,948.8,536.7,42280.0,0.0
960,211.0,236.0,254.0,0.1,0.2,0.3,12.9,45.3,948.8,536.7,42280.0,0.0
1020,309.0,319.0,330.0,0.3,0.4,0.4,12.8,44.9,948.8,536.7,42280.0,0.0
1080,318.0,325.0,330.0,0.7,0.8,0.8,12.8,45.4,948.8,536.7,42280.0,0.0
1140,323.0,327.0,335.0,0.7,0.8,0.8,12.7,46.1,948.8,536.7,42280.0,0.0
1200,329.0,338.0,346.0,0.5,0.6,0.7,12.7,46.5,948.8,536.7,42280.0,0.0
1260,306.0,323.0,333.0,0.2,0.3,0.3,12.6,45.9,948.8,536.7,42280.0,0.0
1320,174.0,201.0,209.0,0.1,0.2,0.3,12.6,44.9,948.8,536.7,42280.0,0.0
1380,89.0,320.0,205.0,0.0,0.1,0.2,12.6,45.7,948.8,536.7,42280.0,0.0
1440,90.0,106.0,136.0,0.3,0.5,0.6,12.6,45.5,948.8,536.7,42280.0,0.0
1500,59.0,75.0,79.0,0.5,0.6,0.7,12.5,46.2,948.8,536.7,42280.0,0.0
1560,15.0,29.0,53.0,0.5,0.6,0.8,12.5,45.7,948.8,536.7,42280.0,0.0
1620,24.0,35.0,43.0,0.7,0.8,0.9,12.5,45.7,948.8,536.7,42280.0,0.0
1680,9.0,16.0,25.0,0.6,0.7,0.7,12.6,45.4,948.8,536.7,42280.0,0.0
1740,6.0,2.0,355.0,0.6,0.7,0.8,12.6,45.4,948.8,536.7,42280.0,0.0
1800,349.0,351.0,355.0,0.6,0.6,0.6,12.6,45.3,948.8,536.7,42280.0,0.0
1860,347.0,349.0,353.0,0.4,0.4,0.5,12.7,45.4,948.8,536.7,42280.0,0.0
1921,10.0,3.0,349.0,0.2,0.2,0.3,12.7,45.0,948.8,536.7,42280.0,0.0
1981,327.0,327.0,327.0,0.0,0.0,0.0,12.7,44.9,948.8,536.7,42280.0,0.0
2041,168.0,181.0,198.0,0.3,0.4,0.5,12.6,44.9,948.8,536.7,42280.0,0.0
2101,145.0,152.0,156.0,0.8,0.9,0.9,12.6,44.8,948.8,536.7,42280.0,0.0
2161,151.0,155.0,159.0,0.9,1.0,1.1,12.7,44.7,948.8,536.7,42280.0,0.0
2221,146.0,148.0,151.0,1.0,1.1,1.2,12.7,44.6,948.8,536.7,42280.0,0.0
2280,150.0,153.0,156.0,1.1,1.2,1.3,12.8,44.9,948.8,536.7,42280.0,0.0
2341,143.0,152.0,156.0,1.1,1.2,1.3,12.8,45.0,948.8,536.7,42280.0,0.0
2400,145.0,147.0,153.0,1.0,1.1,1.1,12.8,45.0,948.8,536.7,42280.0,0.0
2460,139.0,142.0,145.0,0.9,0.9,0.9,12.8,45.0,948.8,536.7,42280.0,0.0
2520,127.0,131.0,135.0,1.1,1.1,1.2,12.8,44.6,948.8,536.7,42280.0,0.0
2579,128.0,129.0,130.0,1.3,1.4,1.4,12.8,44.2,948.8,536.7,42280.0,0.0
2640,127.0,128.0,130.0,1.2,1.2,1.3,12.9,45.0,948.8,536.7,42280.0,0.0
2700,124.0,125.0,126.0,1.4,1.4,1.5,12.9,45.4,948.8,536.7,42280.0,0.0
2761,121.0,125.0,130.0,1.2,1.2,1.4,12.9,45.2,948.8,536.7,42280.0,0.0
2819,123.0,127.0,130.0,1.2,1.3,1.4,12.8,45.9,948.8,536.7,42280.0,0.0
2880,117.0,121.0,123.0,1.1,1.2,1.2,12.7,46.1,948.9,536.7,42280.0,0.0
2939,112.0,115.0,116.0,1.0,1.0,1.1,12.7,45.9,948.9,536.7,42280.0,0.0
2999,113.0,119.0,121.0,1.2,1.3,1.4,12.7,45.3,948.8,536.7,42280.0,0.0
3060,112.0,115.0,120.0,1.4,1.5,1.5,12.7,44.1,948.9,536.7,42280.0,0.0
3119,111.0,115.0,116.0,1.3,1.4,1.5,12.7,43.9,948.8,536.7,42280.0,0.0
3179,105.0,112.0,119.0,1.0,1.1,1.2,12.7,44.4,948.8,536.7,42280.0,0.0
3239,124.0,125.0,128.0,1.3,1.4,1.4,12.7,43.8,948.9,536.7,42280.0,0.0
3299,125.0,128.0,130.0,1.4,1.5,1.6,12.7,43.9,948.9,536.7,42280.0,0.0
3359,125.0,129.0,139.0,1.2,1.4,1.5,12.7,44.4,948.9,536.7,42280.0,0.0
3420,117.0,123.0,132.0,1.1,1.2,1.3,12.7,45.4,948.9,536.7,42280.0,0.0
3479,114.0,117.0,121.0,1.2,1.3,1.4,12.6,44.4,948.9,536.7,42280.0,0.0
3539,112.0,114.0,115.0,1.4,1.4,1.5,12.6,44.1,948.8,536.7,42280.0,0.0
3600,111.0,112.0,113.0,1.7,1.8,1.8,12.6,44.0,948.9,536.7,42280.0,0.0
3659,109.0,112.0,114.0,1.4,1.5,1.6,12.7,44.0,948.9,536.7,42280.0,0.0
3719,115.0,117.0,120.0,1.4,1.4,1.5,12.7,44.1,948.8,536.7,42280.0,0.0
3779,121.0,121.0,122.0,1.6,1.6,1.6,12.8,44.2,948.8,536.7,42280.0,0.0
3839,124.0,125.0,127.0,1.6,1.6,1.6,12.8,44.0,948.8,536.7,42280.0,0.0
3900,125.0,125.0,126.0,1.4,1.4,1.5,12.8,43.6,948.8,536.7,42280.0,0.0
3960,119.0,120.0,120.0,1.3,1.3,1.4,12.9,43.7,948.8,536.7,42280.0,0.0
4020,116.0,118.0,120.0,1.4,1.5,1.5,12.9,43.5,948.8,536.7,42280.0,0.0
4080,116.0,118.0,120.0,1.5,1.5,1.5,12.9,43.4,948.9,536.7,42280.0,0.0
4139,112.0,113.0,114.0,1.3,1.4,1.4,12.9,43.4,948.9,536.7,42280.0,0.0
4200,105.0,107.0,109.0,1.2,1.2,1.3,13.0,43.4,948.9,536.7,42280.0,0.0
4259,90.0,95.0,97.0,1.1,1.3,1.3,13.0,43.3,948.9,536.7,42280.0,0.0
4319,81.0,85.0,89.0,1.1,1.2,1.3,13.0,43.2,948.9,536.7,42280.0,0.0
4379,88.0,91.0,97.0,0.8,0.9,1.1,13.0,43.2,948.9,536.7,42280.0,0.0
4439,110.0,112.0,116.0,0.8,0.8,0.9,13.0,43.1,948.9,536.7,42280.0,0.0
4499,129.0,134.0,136.0,0.6,0.7,0.7,13.0,43.1,948.9,536.7,42280.0,0.0
4560,135.0,136.0,137.0,0.6,0.7,0.7,13.0,43.1,948.9,536.7,42280.0,0.0
4619,134.0,138.0,140.0,0.9,1.0,1.0,13.0,43.3,948.9,536.7,42280.0,0.0
4679,135.0,138.0,141.0,1.0,1.1,1.2,13.0,43.3,948.9,536.7,42280.0,0.0
4740,123.0,126.0,130.0,0.9,1.0,1.1,13.0,43.3,948.9,536.7,42280.0,0.0
4799,125.0,130.0,134.0,0.9,1.0,1.1,13.0,43.2,948.9,536.7,42280.0,0.0
4859,138.0,143.0,146.0,1.1,1.2,1.3,13.0,43.1,948.9,536.7,42280.0,0.0
4919,143.0,150.0,159.0,1.2,1.3,1.4,13.0,43.2,948.9,536.7,42280.0,0.0
4979,158.0,161.0,164.0,1.1,1.2,1.2,13.0,43.2,948.9,536.7,42280.0,0.0
5040,155.0,155.0,157.0,1.0,1.1,1.1,12.9,43.1,948.9,536.7,42280.0,0.0
5099,129.0,134.0,141.0,1.3,1.4,1.6,12.9,43.5,948.9,536.7,42280.0,0.0
5159,125.0,127.0,128.0,1.5,1.6,1.6,12.9,43.5,948.8,536.7,42280.0,0.0
5219,126.0,128.0,129.0,1.6,1.7,1.7,12.9,43.6,948.8,536.7,42280.0,0.0
5279,124.0,124.0,125.0,1.7,1.8,1.8,13.0,43.6,948.9,536.7,42280.0,0.0
5340,120.0,121.0,121.0,1.8,1.8,1.8,13.0,43.5,948.8,536.7,42280.0,0.0
5399,118.0,118.0,119.0,1.9,1.9,1.9,13.1,43.6,948.8,536.7,42280.0,0.0
5459,110.0,115.0,119.0,1.8,1.8,1.9,13.1,43.0,948.9,536.7,42280.0,0.0
5519,117.0,118.0,119.0,1.7,1.7,1.8,13.1,42.9,948.9,536.7,42280.0,0.0
5579,118.0,119.0,120.0,1.7,1.7,1.8,13.0,42.7,948.9,536.7,42280.0,0.0
5640,117.0,119.0,120.0,1.7,1.7,1.8,13.0,43.2,948.8,536.7,42280.0,0.0
5699,115.0,118.0,119.0,1.8,1.9,1.9,12.9,43.1,948.8,536.7,42280.0,0.0
5759,115.0,116.0,117.0,1.9,2.0,2.0,12.8,42.8,948.8,536.7,42280.0,0.0
5819,111.0,112.0,113.0,2.1,2.1,2.2,12.8,43.0,948.8,536.7,42280.0,0.0
5880,104.0,107.0,109.0,2.1,2.1,2.2,12.9,43.1,948.8,536.7,42280.0,0.0
5940,107.0,112.0,116.0,2.1,2.2,2.3,12.9,42.3,948.8,536.7,42280.0,0.0
5999,115.0,117.0,119.0,2.3,2.3,2.4,13.0,42.6,948.8,536.7,42280.0,0.0
6059,115.0,116.0,119.0,2.1,2.3,2.4,13.0,41.9,948.8,536.7,42280.0,0.0
6120,112.0,115.0,119.0,2.3,2.3,2.4,13.1,41.4,948.7,536.7,42280.0,0.0
6180,113.0,116.0,120.0,2.1,2.2,2.3,13.1,41.6,948.7,536.7,42280.0,0.0
6239,105.0,109.0,113.0,2.2,2.4,2.5,13.1,41.7,948.8,536.7,42280.0,0.0
6300,103.0,109.0,114.0,2.0,2.3,2.5,13.1,41.2,948.7,536.7,42280.0,0.0
6359,104.0,110.0,116.0,2.2,2.4,2.5,13.1,40.2,948.7,536.7,42280.0,0.0
6419,118.0,123.0,128.0,2.2,2.4,2.5,13.1,40.8,948.7,536.7,42280.0,0.0
6479,129.0,133.0,137.0,2.2,2.3,2.3,13.1,41.2,948.7,536.7,42280.0,0.0
6540,122.0,128.0,132.0,1.8,1.9,2.0,13.0,41.3,948.7,536.7,42280.0,0.0
6599,122.0,128.0,133.0,2.0,2.1,2.3,12.9,40.3,948.7,536.7,42280.0,0.0
6659,125.0,129.0,132.0,1.9,2.1,2.2,13.0,40.1,948.8,536.7,42280.0,0.0
6720,122.0,126.0,131.0,2.2,2.3,2.4,13.1,40.0,948.7,536.7,42280.0,0.0
6779,127.0,129.0,131.0,2.1,2.1,2.2,13.2,40.0,948.7,536.7,42280.0,0.0
6840,125.0,128.0,131.0,2.0,2.0,2.2,13.3,39.8,948.7,536.7,42280.0,0.0
6899,112.0,115.0,119.0,1.6,1.9,2.0,13.4,39.8,948.7,536.7,42280.0,0.0
6959,106.0,111.0,116.0,1.6,1.7,1.8,13.5,39.4,948.7,536.7,42280.0,0.0
7020,110.0,112.0,114.0,1.6,1.7,1.9,13.5,39.4,948.7,536.7,42280.0,0.0
7080,110.0,110.0,112.0,1.4,1.4,1.5,13.6,39.0,948.7,536.7,42280.0,0.0
7144,99.0,99.0,101.0,1.4,1.4,1.5,13.7,38.1,948.7,536.7,42280.0,0.0
7200,100.0,102.0,105.0,1.4,1.5,1.5,13.7,38.3,948.8,536.7,42280.0,0.0
7260,89.0,92.0,95.0,1.4,1.5,1.5,13.7,37.9,948.8,536.7,42280.0,0.0
7321,105.0,108.0,111.0,1.5,1.5,1.6,13.7,37.9,948.8,536.7,42280.0,0.0
7379,113.0,115.0,116.0,1.4,1.5,1.5,13.7,38.5,948.8,536.7,42280.0,0.0
7439,121.0,123.0,125.0,1.6,1.7,1.8,13.6,39.1,948.7,536.7,42280.0,0.0
7499,122.0,123.0,126.0,1.8,1.9,2.1,13.6,40.2,948.8,536.7,42280.0,0.0
7559,116.0,119.0,121.0,1.8,1.9,2.0,13.6,40.4,948.7,536.7,42280.0,0.0
7619,115.0,120.0,124.0,1.7,1.8,1.9,13.6,39.8,948.7,536.7,42280.0,0.0
7680,120.0,121.0,122.0,1.7,1.8,1.8,13.6,39.2,948.8,536.7,42280.0,0.0
7739,112.0,113.0,116.0,1.2,1.3,1.4,13.6,39.0,948.8,536.7,42280.0,0.0
7799,107.0,111.0,115.0,0.9,1.0,1.0,13.7,39.4,948.7,536.7,42280.0,0.0
7859,86.0,90.0,97.0,0.9,1.0,1.1,13.7,39.6,948.8,536.7,42280.0,0.0
7921,87.0,89.0,91.0,1.0,1.0,1.1,13.7,39.7,948.8,536.7,42280.0,0.0
7981,84.0,89.0,90.0,1.1,1.1,1.1,13.7,39.9,948.8,536.7,42280.0,0.0
8040,104.0,105.0,108.0,1.2,1.2,1.3,13.7,39.8,948.7,536.7,42280.0,0.0
8100,116.0,117.0,120.0,1.2,1.2,1.2,13.7,39.9,948.7,536.7,42280.0,0.0
8160,134.0,138.0,142.0,1.2,1.2,1.3,13.9,39.8,948.7,536.7,42280.0,0.0
8221,129.0,131.0,135.0,1.3,1.4,1.5,13.6,39.7,948.7,536.7,42280.0,0.0
8280,129.0,130.0,133.0,1.5,1.6,1.7,13.5,39.6,948.7,536.7,42280.0,0.0
8341,140.0,145.0,146.0,1.1,1.3,1.3,13.6,39.9,948.7,536.7,42280.0,0.0
8402,125.0,129.0,131.0,0.9,1.0,1.1,13.5,39.7,948.7,536.7,42280.0,0.0
8462,131.0,137.0,143.0,0.6,0.7,0.8,13.4,39.8,948.7,536.7,42280.0,0.0
8519,135.0,140.0,144.0,0.7,0.7,0.8,13.4,39.2,948.6,536.7,42280.0,0.0
8579,113.0,126.0,136.0,0.3,0.4,0.5,13.4,39.7,948.7,536.7,42280.0,0.0
8639,89.0,340.0,147.0,0.0,0.1,0.3,13.4,40.0,948.7,536.7,42280.0,0.0
8699,44.0,21.0,354.0,0.4,0.7,0.8,13.3,40.8,948.7,536.7,42280.0,0.0
8759,44.0,48.0,56.0,0.6,0.7,0.8,13.1,40.7,948.7,536.7,42280.0,0.0
8819,74.0,101.0,109.0,0.3,0.4,0.6,13.0,41.0,948.7,536.7,42280.0,0.0
8879,104.0,115.0,116.0,0.5,0.6,0.7,12.9,41.0,948.7,536.7,42280.0,0.0
8940,103.0,116.0,131.0,0.6,0.8,1.1,12.9,40.2,948.6,536.7,42280.0,0.0
9000,122.0,142.0,161.0,0.6,1.0,1.4,13.0,40.0,948.7,536.7,42280.0,0.0
9061,103.0,180.0,271.0,0.1,0.3,0.4,13.0,40.8,948.7,536.7,42280.0,0.0
9120,190.0,216.0,233.0,0.3,0.4,0.4,13.1,41.1,948.7,536.7,42280.0,0.0
9179,299.0,315.0,330.0,0.2,0.5,1.0,13.0,40.8,948.7,536.7,42280.0,0.0
9239,315.0,322.0,327.0,0.9,1.0,1.1,12.9,41.7,948.7,536.7,42280.0,0.0
9299,304.0,311.0,316.0,0.9,1.0,1.2,12.8,41.9,948.7,536.7,42280.0,0.0
9359,306.0,311.0,316.0,0.7,0.7,0.8,12.6,42.2,948.8,536.7,42280.0,0.0
9419,323.0,335.0,343.0,0.5,0.5,0.6,12.5,43.0,948.8,536.7,42280.0,0.0
9488,330.0,337.0,346.0,0.4,0.5,0.6,12.4,42.6,948.8,536.7,42280.0,0.0
9543,317.0,325.0,331.0,0.4,0.6,0.7,12.3,43.4,948.8,536.7,42280.0,0.0
9600,323.0,328.0,330.0,0.6,0.7,0.7,12.3,43.2,948.8,536.7,42280.0,0.0
9659,307.0,315.0,320.0,0.6,0.7,0.8,12.2,43.8,948.8,536.7,42280.0,0.0
9720,342.0,347.0,350.0,0.7,0.7,0.8,12.2,43.4,948.8,536.7,42280.0,0.0
9779,347.0,350.0,352.0,0.9,1.0,1.0,12.1,43.0,948.7,536.7,42280.0,0.0
9839,4.0,0.0,357.0,0.6,0.7,0.8,12.1,43.3,948.8,536.7,42280.0,0.0
9899,2.0,5.0,7.0,0.8,0.9,0.9,12.0,43.2,948.7,536.7,42280.0,0.0
9959,2.0,0.0,0.0,0.8,0.8,0.9,12.1,43.1,948.7,536.7,42280.0,0.0
10019,342.0,345.0,348.0,0.8,0.9,1.0,12.1,42.9,948.7,536.7,42280.0,0.0
10079,308.0,324.0,330.0,0.9,1.1,1.2,12.1,42.8,948.8,536.7,42280.0,0.0
10139,316.0,323.0,332.0,1.1,1.4,1.6,12.1,46.0,948.7,536.7,42280.0,0.0
10199,339.0,340.0,342.0,0.8,0.8,0.8,12.0,43.3,948.7,536.7,42280.0,0.0
10259,324.0,330.0,336.0,0.6,0.7,0.7,12.0,43.3,948.7,536.7,42280.0,0.0
10319,325.0,330.0,334.0,0.7,0.8,0.8,11.9,43.3,948.7,536.7,42280.0,0.0
10379,330.0,336.0,343.0,0.7,0.8,0.9,11.9,43.2,948.7,536.7,42280.0,0.0
10439,325.0,331.0,336.0,0.7,0.8,0.8,12.0,43.9,948.7,536.7,42280.0,0.0
10499,325.0,332.0,336.0,0.6,0.7,0.7,11.9,45.5,948.7,536.7,42280.0,0.0
10559,34.0,15.0,348.0,0.6,0.8,0.9,11.8,53.7,948.7,536.7,42280.0,0.0
10619,7.0,0.0,343.0,0.5,0.7,0.9,11.5,47.1,948.7,536.7,42280.0,0.0
10679,317.0,325.0,330.0,1.3,1.4,1.6,11.4,56.0,948.6,536.7,42280.0,0.0
10739,330.0,331.0,334.0,1.1,1.1,1.2,11.2,64.2,948.7,536.7,42280.0,0.0
10799,338.0,338.0,342.0,0.4,0.5,0.6,11.0,56.3,948.7,536.7,42280.0,0.0
10859,209.0,234.0,271.0,0.1,0.2,0.3,10.6,51.3,948.6,536.7,42280.0,0.0
10919,198.0,201.0,210.0,0.6,0.7,0.7,10.7,52.7,948.6,536.7,42280.0,0.0
10979,88.0,168.0,187.0,0.0,0.2,0.4,10.7,52.1,948.6,536.7,42280.0,0.0
11039,83.0,97.0,112.0,0.3,0.4,0.6,10.6,48.1,948.6,536.7,42280.0,0.0
11099,81.0,100.0,114.0,0.6,0.7,0.8,10.7,54.3,948.6,536.7,42280.0,0.0
11159,21.0,59.0,69.0,0.4,0.5,0.6,10.6,52.1,948.6,536.7,42280.0,0.0
11219,9.0,27.0,36.0,0.9,1.0,1.1,10.7,48.4,948.6,536.7,42280.0,0.0
11279,7.0,29.0,38.0,0.4,0.6,0.8,10.8,47.9,948.6,536.7,42280.0,0.0
11339,290.0,305.0,317.0,0.4,0.6,0.8,11.0,48.9,948.6,536.7,42280.0,0.0
11400,330.0,347.0,357.0,0.3,0.3,0.5,11.0,49.0,948.6,536.7,42280.0,0.0
11460,62.0,28.0,311.0,0.1,0.2,0.3,11.1,48.0,948.6,536.7,42280.0,0.0
11519,97.0,102.0,111.0,0.5,0.6,0.7,11.1,50.6,948.7,536.7,42280.0,0.0
11579,100.0,103.0,108.0,1.2,1.3,1.3,11.0,49.4,948.7,536.7,42280.0,0.0
11639,107.0,109.0,111.0,1.6,1.6,1.7,11.0,48.5,948.6,536.7,42280.0,0.0
11699,112.0,112.0,113.0,1.6,1.6,1.6,11.0,47.7,948.6,536.7,42280.0,0.0
11759,113.0,114.0,116.0,1.4,1.4,1.4,11.1,47.2,948.6,536.7,42280.0,0.0
11819,120.0,122.0,124.0,1.1,1.1,1.2,11.2,46.7,948.6,536.7,42280.0,0.0
11879,121.0,131.0,141.0,1.2,1.4,1.6,11.2,45.9,948.6,536.7,42280.0,0.0
11939,138.0,142.0,147.0,1.3,1.4,1.5,11.4,45.1,948.6,536.7,42280.0,0.0
11999,130.0,137.0,144.0,1.0,1.0,1.1,11.5,44.7,948.6,536.7,42280.0,0.0
12059,134.0,141.0,146.0,1.0,1.0,1.1,11.6,44.4,948.6,536.7,42280.0,0.0
12119,136.0,141.0,145.0,0.9,1.0,1.1,11.7,43.8,948.6,536.7,42280.0,0.0
12179,134.0,138.0,142.0,1.0,1.1,1.1,11.8,43.4,948.6,536.7,42280.0,0.0
12239,122.0,133.0,140.0,0.9,1.0,1.1,11.8,43.5,948.6,536.7,42280.0,0.0
12299,130.0,134.0,139.0,0.8,0.9,1.0,11.9,43.2,948.6,536.7,42280.0,0.0
12359,108.0,315.0,236.0,0.1,0.4,1.0,12.0,43.0,948.6,536.7,42280.0,0.0
12419,286.0,304.0,319.0,0.9,1.2,1.4,11.9,50.7,948.6,536.7,42280.0,0.0
12479,110.0,115.0,119.0,0.4,0.4,0.5,11.7,44.6,948.6,536.7,42280.0,0.0
12539,116.0,125.0,137.0,0.3,0.4,0.5,11.7,44.4,948.6,536.7,42280.0,0.0
12599,151.0,153.0,155.0,1.1,1.2,1.3,11.6,44.0,948.6,536.7,42280.0,0.0
12659,160.0,171.0,178.0,1.2,1.4,1.8,11.7,46.1,948.5,536.7,42280.0,0.0
12719,162.0,165.0,168.0,1.6,1.7,1.8,11.6,48.1,948.5,536.7,42280.0,0.0
12779,154.0,162.0,165.0,1.4,1.8,2.0,11.4,50.0,948.5,536.7,42280.0,0.0
12839,157.0,160.0,164.0,1.5,1.6,1.7,11.2,52.4,948.5,536.7,42280.0,0.0
12899,154.0,158.0,160.0,1.4,1.5,1.6,11.0,50.6,948.5,536.7,42280.0,0.0
12959,153.0,156.0,159.0,1.8,1.8,1.9,10.8,48.5,948.5,536.7,42280.0,0.0
13019,148.0,150.0,151.0,2.0,2.1,2.2,10.8,47.6,948.5,536.7,42280.0,0.0
13079,142.0,147.0,149.0,1.9,2.0,2.1,10.8,47.1,948.4,536.7,42280.0,0.0
13139,143.0,145.0,147.0,1.9,2.0,2.1,10.9,46.0,948.4,536.7,42280.0,0.0
13199,136.0,139.0,142.0,2.1,2.3,2.4,11.0,46.0,948.4,536.7,42280.0,0.0
13259,130.0,133.0,138.0,2.0,2.1,2.2,11.1,46.2,948.4,536.7,42280.0,0.0
13319,145.0,150.0,153.0,1.8,1.9,2.0,11.0,50.8,948.4,536.7,42280.0,0.0
13379,131.0,143.0,154.0,1.5,1.7,1.9,10.8,52.1,948.4,536.7,42280.0,0.0
13439,128.0,137.0,144.0,1.5,1.7,1.9,10.7,50.5,948.5,536.7,42280.0,0.0
13499,134.0,146.0,156.0,0.9,1.0,1.2,10.6,51.4,948.5,536.7,42280.0,0.0
13559,138.0,148.0,161.0,0.8,0.9,1.0,10.4,53.5,948.5,536.7,42280.0,0.0
13619,96.0,109.0,121.0,0.7,0.9,1.2,10.2,53.2,948.5,536.7,42280.0,0.0
13679,78.0,97.0,129.0,0.3,0.5,0.6,10.2,49.4,948.5,536.7,42280.0,0.0
13739,126.0,146.0,151.0,0.6,0.8,1.0,10.3,52.7,948.5,536.7,42280.0,0.0
13799,142.0,149.0,153.0,1.4,1.6,1.8,10.2,57.1,948.5,536.7,42280.0,0.0
13859,148.0,155.0,160.0,1.8,2.0,2.1,10.0,59.5,948.5,536.7,42280.0,0.0
13919,140.0,143.0,147.0,1.5,1.6,1.8,9.7,57.4,948.5,536.7,42280.0,0.0
13979,142.0,148.0,153.0,1.6,1.7,1.9,9.6,61.3,948.5,536.7,42280.0,0.0
14039,151.0,153.0,154.0,1.6,1.7,1.7,9.4,59.8,948.5,536.7,42280.0,0.0
14099,154.0,156.0,159.0,1.7,1.8,1.8,9.3,61.1,948.5,536.7,42280.0,0.0
14159,154.0,154.0,157.0,1.5,1.5,1.6,9.2,63.3,948.5,536.7,42280.0,0.0
14219,159.0,161.0,162.0,1.2,1.3,1.4,9.0,63.9,948.5,536.7,42280.0,0.0
14279,155.0,157.0,159.0,1.2,1.3,1.3,9.0,65.2,948.5,536.7,42280.0,0.0
14339,146.0,150.0,153.0,1.2,1.3,1.3,8.8,64.2,948.6,536.7,42280.0,0.0
14399,130.0,133.0,136.0,0.9,1.0,1.1,8.8,65.3,948.6,536.7,42280.0,0.0
14459,93.0,106.0,123.0,0.4,0.6,0.8,8.7,60.4,948.6,536.7,42280.0,0.0
14519,123.0,136.0,143.0,0.3,0.4,0.5,8.8,63.9,948.6,536.7,42280.0,0.0
14579,130.0,132.0,135.0,1.2,1.3,1.4,8.7,65.6,948.6,536.7,42280.0,0.0
14639,148.0,150.0,154.0,1.6,1.7,1.8,8.6,65.5,948.6,536.7,42280.0,0.0
14699,150.0,150.0,151.0,2.0,2.0,2.0,8.5,67.1,948.6,536.7,42280.0,0.0
14759,151.0,154.0,157.0,2.0,2.1,2.2,8.5,68.8,948.7,536.7,42280.0,0.0
14819,150.0,153.0,156.0,1.7,1.9,1.9,8.4,70.2,948.7,536.7,42280.0,0.0
14879,154.0,157.0,159.0,1.7,1.7,1.8,8.2,70.7,948.7,536.7,42280.0,0.0
14939,153.0,160.0,168.0,1.6,1.7,1.8,8.2,71.7,948.7,536.7,42280.0,0.0
14999,160.0,166.0,170.0,1.4,1.5,1.6,7.9,73.1,948.6,536.7,42280.0,0.0
15059,157.0,164.0,166.0,1.6,1.7,1.8,8.0,73.8,948.7,536.7,42280.0,0.0
15119,161.0,164.0,168.0,1.6,1.6,1.7,8.0,74.6,948.7,536.7,42280.0,0.0
15179,156.0,159.0,161.0,1.7,1.8,1.9,7.8,75.0,948.7,536.7,42280.0,0.0
15239,153.0,155.0,157.0,1.7,1.8,1.8,7.9,76.0,948.7,536.7,42280.0,0.0
15299,154.0,156.0,160.0,1.5,1.5,1.7,7.6,76.6,948.7,536.7,42280.0,0.0
15359,162.0,164.0,171.0,1.2,1.2,1.2,7.8,77.3,948.8,536.7,42280.0,0.0
15419,170.0,172.0,174.0,1.3,1.3,1.4,7.8,78.3,948.8,536.7,42280.0,0.0
15479,155.0,157.0,159.0,1.1,1.2,1.2,7.8,78.3,948.7,536.7,42280.0,0.0
15539,156.0,159.0,164.0,0.8,0.9,1.0,7.7,74.7,948.8,536.7,42280.0,0.0
15599,195.0,223.0,262.0,0.4,0.6,0.9,7.5,74.8,948.8,536.7,42280.0,0.0
15659,323.0,329.0,336.0,1.5,1.7,2.0,7.7,74.1,948.8,536.7,42280.0,0.0
15719,292.0,317.0,346.0,0.3,0.5,0.7,7.7,74.6,948.9,536.7,42280.0,0.0
15779,327.0,338.0,356.0,0.2,0.4,0.5,7.8,74.5,948.9,536.7,42280.0,0.0
15839,297.0,305.0,308.0,0.5,0.7,0.9,7.7,74.7,948.8,536.7,42280.0,0.0
15899,297.0,300.0,305.0,0.8,0.9,0.9,7.8,74.8,948.9,536.7,42280.0,0.0
15959,277.0,280.0,285.0,0.7,0.8,0.9,7.7,75.0,948.9,536.7,42280.0,0.0
16019,254.0,264.0,270.0,0.7,0.8,0.9,7.8,75.8,948.9,536.7,42280.0,0.0
16079,262.0,267.0,275.0,0.8,0.9,1.0,7.7,75.8,948.9,536.7,42280.0,0.0
16139,234.0,243.0,249.0,0.4,0.4,0.5,7.8,76.6,948.9,536.7,42280.0,0.0
16199,184.0,188.0,194.0,0.7,0.7,0.8,7.6,76.5,948.8,536.7,42280.0,0.0
16259,181.0,189.0,194.0,0.6,0.7,0.7,7.7,75.6,948.9,536.7,42280.0,0.0
16319,181.0,182.0,184.0,0.8,0.8,0.8,7.8,75.7,948.9,536.7,42280.0,0.0
16379,190.0,193.0,194.0,0.7,0.7,0.8,7.8,76.2,948.9,536.7,42280.0,0.0
16440,175.0,179.0,181.0,0.8,0.8,0.9,7.7,76.0,949.0,536.7,42280.0,0.0
16499,178.0,179.0,181.0,0.7,0.7,0.8,7.8,77.1,949.0,536.7,42280.0,0.0
16559,161.0,162.0,163.0,1.2,1.2,1.3,7.7,75.7,949.0,536.7,42280.0,0.0
16619,152.0,154.0,155.0,1.4,1.4,1.5,7.8,76.8,949.0,536.7,42280.0,0.0
16679,155.0,157.0,159.0,1.4,1.5,1.6,7.8,78.2,949.0,536.7,42280.0,0.0
16739,170.0,173.0,178.0,1.5,1.6,1.7,7.6,79.8,949.0,536.7,42280.0,0.0
16799,168.0,174.0,181.0,0.9,1.0,1.1,7.6,80.3,949.0,536.7,42280.0,0.0
16859,153.0,160.0,168.0,0.9,1.0,1.1,7.5,81.2,949.0,536.7,42280.0,0.0
16919,146.0,155.0,158.0,0.7,0.8,0.8,7.4,81.9,949.0,536.7,42280.0,0.0
16979,154.0,165.0,174.0,0.9,1.1,1.3,7.3,82.0,949.0,536.7,42280.0,0.0
17039,175.0,184.0,191.0,1.2,1.3,1.4,7.3,82.3,949.0,536.7,42280.0,0.0
17099,165.0,179.0,196.0,0.4,0.6,0.7,7.2,82.5,949.0,536.7,42280.0,0.0
17159,130.0,159.0,183.0,0.4,0.5,0.7,7.2,82.4,949.0,536.7,42280.0,0.0
17219,86.0,96.0,103.0,0.8,0.9,1.0,6.9,79.3,949.0,536.7,42280.0,0.0
17279,78.0,81.0,84.0,1.0,1.1,1.1,7.1,67.8,949.0,536.7,42280.0,0.0
17339,96.0,106.0,116.0,1.4,1.7,1.9,7.3,61.2,949.0,536.7,42280.0,0.0
17399,112.0,119.0,130.0,0.9,1.1,1.3,8.1,58.7,949.0,536.7,42280.0,0.0
17459,143.0,163.0,178.0,1.4,1.6,1.9,8.7,61.7,949.1,536.7,42280.0,0.0
17519,142.0,154.0,165.0,1.2,1.3,1.4,8.7,71.9,949.1,536.7,42280.0,0.0
17579,166.0,170.0,172.0,1.8,1.9,2.0,8.6,75.1,949.1,536.7,42280.0,0.0
17639,167.0,170.0,173.0,1.4,1.4,1.5,8.2,77.9,949.1,536.7,42280.0,0.0
17699,175.0,178.0,182.0,1.2,1.5,1.6,8.0,79.1,949.2,536.7,42280.0,0.0
17759,185.0,190.0,198.0,1.6,1.7,1.9,7.7,80.0,949.2,536.7,42280.0,0.0
17819,184.0,188.0,193.0,1.7,1.7,1.8,7.5,81.7,949.2,536.7,42280.0,0.0
17879,174.0,180.0,183.0,1.8,1.9,2.0,7.3,82.9,949.2,536.7,42280.0,0.0
17939,177.0,184.0,189.0,1.1,1.2,1.4,7.2,83.3,949.2,536.7,42280.0,0.0
17999,175.0,180.0,184.0,1.7,1.8,1.9,7.2,84.3,949.3,536.7,42280.0,0.0
18059,184.0,190.0,200.0,1.1,1.2,1.3,7.1,84.7,949.3,536.7,42280.0,0.0
18119,180.0,189.0,195.0,1.0,1.1,1.2,7.1,85.0,949.3,536.7,42280.0,0.0
18179,178.0,181.0,184.0,0.8,0.8,0.9,7.0,85.2,949.3,536.7,42280.0,0.0
18239,18.0,24.0,31.0,0.7,0.8,0.9,7.0,85.2,949.3,536.7,42280.0,0.0
18299,24.0,33.0,51.0,0.8,0.9,1.1,6.9,84.4,949.3,536.7,42280.0,0.0
18359,55.0,59.0,68.0,0.5,0.6,0.7,6.9,84.0,949.3,536.7,42280.0,0.0
18419,63.0,68.0,76.0,0.3,0.3,0.4,6.9,83.6,949.3,536.7,42280.0,0.0
18479,31.0,43.0,47.0,0.3,0.4,0.5,6.9,83.3,949.3,536.7,42280.0,0.0
18539,12.0,38.0,64.0,0.2,0.5,0.7,6.9,83.4,949.4,536.7,42280.0,0.0
18599,15.0,24.0,36.0,0.6,0.9,1.0,7.0,83.5,949.4,536.7,42280.0,0.0
18659,31.0,35.0,36.0,0.9,1.0,1.0,7.2,83.6,949.4,536.7,42280.0,0.0
18719,41.0,44.0,45.0,0.7,0.7,0.8,7.0,84.1,949.4,536.7,42280.0,0.0
18779,41.0,45.0,51.0,0.5,0.5,0.6,7.0,84.0,949.4,536.7,42280.0,0.0
18839,34.0,38.0,42.0,0.5,0.5,0.6,7.0,83.7,949.4,536.7,42280.0,0.0
18899,57.0,81.0,116.0,0.3,0.4,0.5,7.0,83.6,949.4,536.7,42280.0,0.0
18959,116.0,133.0,151.0,0.6,0.7,1.0,7.0,83.7,949.4,536.7,42280.0,0.0
19019,55.0,58.0,62.0,0.8,0.8,0.8,7.0,83.8,949.4,536.7,42280.0,0.0
19079,45.0,46.0,46.0,0.7,0.7,0.7,7.0,83.9,949.4,536.7,42280.0,0.0
19140,31.0,32.0,40.0,0.4,0.4,0.5,7.0,83.6,949.4,536.7,42280.0,0.0
19199,31.0,32.0,32.0,0.2,0.3,0.4,7.0,83.4,949.4,536.7,42280.0,0.0
19259,182.0,206.0,221.0,0.4,0.5,0.7,7.0,82.8,949.4,536.7,42280.0,0.0
19319,209.0,227.0,248.0,0.3,0.4,0.5,7.1,83.3,949.5,536.7,42280.0,0.0
19379,220.0,227.0,236.0,0.2,0.3,0.4,7.1,83.3,949.5,536.7,42280.0,0.0
19439,64.0,102.0,153.0,0.0,0.1,0.2,7.1,83.3,949.5,536.7,42280.0,0.0
19499,52.0,71.0,82.0,0.5,0.6,0.6,7.1,83.0,949.5,536.7,42280.0,0.0
19559,80.0,89.0,110.0,0.6,0.8,0.9,7.1,82.8,949.5,536.7,42280.0,0.0
19619,141.0,151.0,160.0,1.1,1.3,1.5,7.1,83.0,949.5,536.7,42280.0,0.0
19679,161.0,171.0,185.0,0.8,1.0,1.1,6.9,83.7,949.6,536.7,42280.0,0.0
19739,183.0,186.0,191.0,1.2,1.3,1.4,7.0,83.7,949.6,536.7,42280.0,0.0
19799,177.0,178.0,183.0,1.6,1.7,1.7,6.9,83.4,949.6,536.7,42280.0,0.0
19859,168.0,174.0,178.0,1.7,1.8,1.9,6.9,83.9,949.5,536.7,42280.0,0.0
19919,162.0,167.0,172.0,1.7,1.9,2.0,6.9,84.7,949.6,536.7,42280.0,0.0
19981,161.0,167.0,173.0,1.7,1.9,2.1,6.8,84.8,949.5,536.7,42280.0,0.0
20039,162.0,168.0,173.0,2.2,2.4,2.6,6.7,85.4,949.5,536.7,42280.0,0.0
20099,158.0,162.0,167.0,2.1,2.3,2.4,6.8,85.7,949.5,536.7,42280.0,0.0
20159,160.0,165.0,170.0,2.1,2.5,2.7,6.7,85.5,949.5,536.7,42280.0,0.0
20219,146.0,158.0,168.0,2.1,2.3,2.5,6.7,86.1,949.5,536.7,42280.0,0.0
20279,155.0,161.0,165.0,2.1,2.2,2.4,6.6,85.7,949.5,536.7,42280.0,0.0
20339,150.0,156.0,163.0,1.7,1.9,2.1,6.6,86.5,949.6,536.7,42280.0,0.0
20399,157.0,161.0,168.0,1.7,2.0,2.2,6.6,86.7,949.6,536.7,42280.0,0.0
20459,147.0,152.0,159.0,1.6,1.8,1.9,6.5,86.5,949.6,536.7,42280.0,0.0
20519,144.0,152.0,156.0,1.9,2.2,2.4,6.6,86.9,949.6,536.7,42280.0,0.0
20579,145.0,149.0,156.0,2.1,2.3,2.5,6.6,86.8,949.6,536.7,42280.0,0.0
20639,140.0,143.0,147.0,2.1,2.2,2.3,6.5,86.4,949.6,536.7,42280.0,0.0
20699,136.0,147.0,154.0,2.1,2.4,2.7,6.5,87.0,949.6,536.7,42280.0,0.0
20759,147.0,154.0,162.0,2.2,2.4,2.7,6.6,87.1,949.6,536.7,42280.0,0.0
20819,144.0,150.0,156.0,2.3,2.7,2.9,6.5,86.7,949.6,536.7,42280.0,0.0
20879,128.0,137.0,142.0,2.1,2.3,2.5,6.6,87.2,949.6,536.7,42280.0,0.0
20939,140.0,148.0,154.0,2.1,2.3,2.5,6.5,87.1,949.6,536.7,42280.0,0.0
20999,145.0,151.0,157.0,2.1,2.1,2.2,6.5,87.1,949.7,536.7,42280.0,0.0
21059,145.0,150.0,154.0,1.9,2.1,2.3,6.5,87.7,949.7,536.7,42280.0,0.0
21119,134.0,138.0,143.0,1.7,1.8,1.9,6.6,87.6,949.7,536.7,42280.0,0.0
21179,136.0,141.0,146.0,1.8,1.9,2.0,6.5,87.2,949.7,536.7,42280.0,0.0
21239,128.0,132.0,136.0,2.0,2.2,2.4,6.5,87.5,949.7,536.7,42280.0,0.0
21299,124.0,126.0,129.0,1.8,2.0,2.1,6.5,87.1,949.7,536.7,42280.0,0.0
21359,125.0,128.0,131.0,2.2,2.4,2.5,6.2,86.2,949.7,536.7,42280.0,0.0
21419,136.0,141.0,145.0,1.9,2.0,2.1,6.2,86.2,949.7,536.7,42280.0,0.0
21479,130.0,131.0,133.0,2.1,2.2,2.2,6.1,84.9,949.7,536.7,42280.0,0.0
21539,121.0,125.0,126.0,2.1,2.1,2.2,6.1,82.7,949.7,536.7,42280.0,0.0
21599,110.0,116.0,121.0,1.7,1.8,1.9,6.1,79.8,949.7,536.7,42280.0,0.0
21659,115.0,119.0,122.0,1.6,1.7,1.9,6.1,77.0,949.6,536.7,42280.0,0.0
21719,116.0,122.0,128.0,1.6,1.7,1.8,6.6,74.0,949.7,536.7,42280.0,0.0
21779,123.0,126.0,129.0,1.3,1.4,1.5,7.0,71.7,949.7,536.7,42280.0,0.0
21839,112.0,116.0,120.0,1.3,1.4,1.4,7.2,70.9,949.7,536.7,42280.0,0.0
21899,124.0,131.0,134.0,1.2,1.2,1.3,7.2,70.8,949.7,536.7,42280.0,0.0
21959,122.0,124.0,126.0,1.3,1.3,1.3,7.5,70.0,949.7,536.7,42280.0,0.0
22019,107.0,110.0,112.0,1.5,1.6,1.6,7.6,67.1,949.7,536.7,42280.0,0.0
22079,129.0,134.0,138.0,1.4,1.6,1.8,7.7,70.1,949.7,536.7,42280.0,0.0
22139,130.0,137.0,140.0,1.2,1.4,1.5,7.9,74.1,949.8,536.7,42280.0,0.0
22199,141.0,146.0,150.0,1.7,1.8,2.0,7.7,75.5,949.8,536.7,42280.0,0.0
22259,137.0,143.0,147.0,1.5,1.6,1.7,7.7,77.7,949.8,536.7,42280.0,0.0
22319,144.0,148.0,158.0,1.0,1.7,2.1,7.4,79.0,949.7,536.7,42280.0,0.0
22379,133.0,138.0,142.0,1.9,2.0,2.1,7.2,79.0,949.7,536.7,42280.0,0.0
22439,126.0,137.0,148.0,2.0,2.1,2.3,7.3,80.1,949.8,536.7,42280.0,0.0
22499,128.0,132.0,136.0,2.1,2.2,2.4,7.1,80.5,949.9,536.7,42280.0,0.0
22559,130.0,134.0,138.0,2.3,2.5,2.7,6.9,81.8,949.8,536.7,42280.0,0.0
22619,121.0,134.0,141.0,2.0,2.3,2.5,6.7,83.2,949.8,536.7,42280.0,0.0
22679,132.0,137.0,141.0,2.3,2.6,2.8,6.5,83.6,949.9,536.7,42280.0,0.0
22739,135.0,139.0,142.0,2.4,2.5,2.7,6.5,84.9,949.8,536.7,42280.0,0.0
22799,130.0,135.0,144.0,2.6,2.8,3.0,6.4,84.9,949.8,536.7,42280.0,0.0
22859,134.0,137.0,141.0,2.5,2.7,2.8,6.3,85.0,949.9,536.7,42280.0,0.0
22919,125.0,127.0,129.0,2.4,2.4,2.5,6.4,85.7,949.9,536.7,42280.0,0.0
22979,122.0,126.0,130.0,2.6,2.7,2.8,6.3,85.6,949.9,536.7,42280.0,0.0
23039,120.0,123.0,124.0,2.7,2.8,2.9,6.3,86.8,949.8,536.7,42280.0,0.0
23099,102.0,110.0,113.0,2.7,2.8,2.9,6.4,85.9,949.9,536.7,42280.0,0.0
23159,98.0,101.0,103.0,2.6,2.7,2.8,6.1,82.2,950.0,536.7,42280.0,0.0
23219,101.0,103.0,104.0,2.5,2.5,2.6,6.2,75.1,949.9,536.7,42280.0,0.0
23279,106.0,109.0,111.0,2.6,2.6,2.7,6.8,71.0,949.9,536.7,42280.0,0.0
23339,113.0,115.0,118.0,2.2,2.3,2.4,7.4,66.4,949.9,536.7,42280.0,0.0
23399,122.0,123.0,124.0,2.3,2.4,2.4,8.1,63.9,949.9,536.7,42280.0,0.0
23459,121.0,123.0,125.0,2.3,2.4,2.5,8.3,62.0,949.9,536.7,42280.0,0.0
23519,118.0,123.0,124.0,2.1,2.2,2.2,9.0,60.0,949.9,536.7,42280.0,0.0
23579,118.0,119.0,120.0,2.0,2.1,2.2,9.3,59.8,950.0,536.7,42280.0,0.0
23639,110.0,113.0,117.0,1.8,1.9,1.9,9.5,58.4,950.0,536.7,42280.0,0.0
23699,104.0,107.0,108.0,1.5,1.6,1.6,9.8,58.5,950.0,536.7,42280.0,0.0
23759,110.0,113.0,115.0,1.5,1.6,1.7,9.8,58.8,950.1,536.7,42280.0,0.0
23819,106.0,110.0,114.0,1.4,1.4,1.5,9.8,59.2,950.1,536.7,42280.0,0.0
23879,124.0,129.0,134.0,1.7,1.8,1.9,9.6,64.5,950.1,536.7,42280.0,0.0
23939,119.0,128.0,134.0,2.1,2.2,2.3,9.3,68.9,950.0,536.7,42280.0,0.0
23999,132.0,136.0,140.0,2.4,2.5,2.6,8.7,71.8,950.1,536.7,42280.0,0.0
24059,132.0,134.0,136.0,2.4,2.5,2.6,8.1,73.8,950.2,536.7,42280.0,0.0
24119,135.0,139.0,143.0,2.1,2.2,2.4,7.9,75.9,950.1,536.7,42280.0,0.0
24179,144.0,147.0,153.0,2.1,2.3,2.4,7.7,77.6,950.1,536.7,42280.0,0.0
24239,151.0,155.0,159.0,2.0,2.2,2.3,7.4,78.5,950.1,536.7,42280.0,0.0
24299,153.0,156.0,159.0,2.1,2.3,2.4,7.4,79.8,950.1,536.7,42280.0,0.0
24359,155.0,160.0,164.0,2.0,2.1,2.3,7.4,80.0,950.1,536.7,42280.0,0.0
24419,152.0,155.0,159.0,2.4,2.5,2.5,7.0,81.5,950.0,536.7,42280.0,0.0
24479,157.0,162.0,167.0,2.4,2.6,2.8,7.1,81.5,950.1,536.7,42280.0,0.0
24539,140.0,158.0,166.0,2.5,3.1,3.7,7.0,81.4,950.1,536.7,42280.0,0.0
24599,155.0,162.0,169.0,2.8,3.2,3.6,6.9,83.3,950.1,536.7,42280.0,0.0
24659,158.0,162.0,167.0,2.9,3.3,3.7,6.8,83.9,950.0,536.7,42280.0,0.0
24719,155.0,160.0,167.0,3.2,3.6,4.0,6.6,84.3,950.1,536.7,42280.0,0.0
24779,156.0,163.0,169.0,3.2,3.3,3.5,6.7,85.5,950.2,536.7,42280.0,0.0
24839,152.0,158.0,168.0,2.7,3.0,3.3,6.6,85.7,950.2,536.7,42280.0,0.0
24899,154.0,164.0,171.0,2.5,3.0,3.3,6.6,86.0,950.2,536.7,42280.0,0.0
24959,152.0,158.0,164.0,2.8,3.0,3.4,6.7,86.5,950.2,536.7,42280.0,0.0
25019,153.0,158.0,162.0,3.4,3.5,3.7,6.6,86.2,950.2,536.7,42280.0,0.0
25079,154.0,157.0,160.0,3.5,3.7,4.0,6.7,86.7,950.2,536.7,42280.0,0.0
25139,152.0,160.0,166.0,3.5,3.8,3.9,6.6,86.4,950.2,536.7,42280.0,0.0
25199,153.0,156.0,159.0,3.4,3.6,3.7,6.5,87.6,950.2,536.7,42280.0,0.0
25259,150.0,159.0,163.0,3.4,3.6,3.8,6.6,87.3,950.1,536.7,42280.0,0.0
25319,145.0,150.0,155.0,3.3,3.5,3.8,6.7,87.0,950.3,536.7,42280.0,0.0
25379,147.0,151.0,156.0,3.9,4.1,4.4,6.7,87.4,950.2,536.7,42280.0,0.0
25439,146.0,150.0,152.0,3.8,4.2,4.5,6.7,86.6,950.3,536.7,42280.0,0.0
25499,134.0,140.0,148.0,3.4,3.6,3.7,6.4,88.1,950.3,536.7,42280.0,0.0
25559,153.0,159.0,163.0,3.6,3.9,4.2,6.7,88.0,950.3,536.7,42280.0,0.0
25619,145.0,147.0,150.0,4.1,4.4,4.6,6.6,86.9,950.3,536.7,42280.0,0.0
25679,143.0,149.0,152.0,4.3,4.7,5.1,6.6,86.7,950.4,536.7,42280.0,0.0
25739,142.0,146.0,154.0,3.8,4.2,4.8,6.6,87.0,950.4,536.7,42280.0,0.0
25799,147.0,151.0,157.0,3.6,3.9,4.4,6.7,86.8,950.4,536.7,42280.0,0.0
25859,148.0,154.0,158.0,3.7,4.0,4.1,6.7,87.4,950.3,536.7,42280.0,0.0
25919,152.0,155.0,160.0,3.8,4.1,4.4,6.6,87.1,950.4,536.7,42280.0,0.0
25979,148.0,155.0,159.0,4.1,4.3,4.5,6.7,87.1,950.3,536.7,42280.0,0.0
26039,146.0,150.0,156.0,4.1,4.6,4.9,6.7,88.2,950.3,536.7,42280.0,0.0
26099,144.0,152.0,159.0,3.6,3.9,4.3,6.8,87.5,950.4,536.7,42280.0,0.0
26159,158.0,164.0,172.0,3.5,3.9,4.2,6.9,88.1,950.4,536.7,42280.0,0.0
26219,153.0,158.0,163.0,4.2,4.5,4.7,6.9,87.6,950.4,536.7,42280.0,0.0
26279,143.0,149.0,156.0,3.4,3.8,4.3,7.0,87.4,950.4,536.7,42280.0,0.0
26339,139.0,150.0,158.0,3.3,3.8,4.3,7.0,88.0,950.4,536.7,42280.0,0.0
26399,134.0,144.0,155.0,3.4,3.6,3.8,6.8,88.2,950.4,536.7,42280.0,0.0
26459,148.0,154.0,159.0,3.0,3.3,3.6,7.0,87.4,950.5,536.7,42280.0,0.0
26519,132.0,141.0,151.0,2.8,3.4,3.6,7.1,87.7,950.5,536.7,42280.0,0.0
26579,140.0,148.0,152.0,2.9,3.8,4.6,7.1,87.9,950.5,536.7,42280.0,0.0
26639,140.0,148.0,153.0,3.5,3.8,4.1,7.1,87.4,950.5,536.7,42280.0,0.0
26699,136.0,140.0,145.0,3.3,4.2,5.2,7.0,88.1,950.5,536.7,42280.0,0.0
26759,144.0,150.0,157.0,3.6,4.1,4.4,7.1,87.4,950.5,536.7,42280.0,0.0
26819,149.0,152.0,156.0,3.6,3.8,4.1,7.1,87.1,950.5,536.7,42280.0,0.0
26879,144.0,150.0,154.0,3.7,3.9,4.3,7.2,87.7,950.5,536.7,42280.0,0.0
26939,144.0,150.0,158.0,2.7,2.9,3.2,7.2,87.4,950.5,536.7,42280.0,0.0
26999,129.0,135.0,143.0,2.9,3.1,3.3,6.9,89.1,950.5,536.7,42280.0,0.0
27059,145.0,148.0,150.0,3.5,3.7,4.0,7.3,87.9,950.5,536.7,42280.0,0.0
27119,132.0,141.0,146.0,2.8,3.2,3.5,7.2,87.1,950.5,536.7,42280.0,0.0
27179,144.0,147.0,151.0,3.3,3.7,4.1,7.2,87.1,950.5,536.7,42280.0,0.0
27239,145.0,149.0,153.0,3.5,3.9,4.4,7.2,87.6,950.5,536.7,42280.0,0.0
27299,141.0,148.0,155.0,2.8,3.2,3.6,7.1,87.1,950.6,536.7,42280.0,0.0
27359,143.0,149.0,155.0,2.8,3.1,3.5,7.2,88.0,950.5,536.7,42280.0,0.0
27419,136.0,142.0,155.0,2.9,3.2,3.5,7.2,88.0,950.6,536.7,42280.0,0.0
27479,144.0,150.0,161.0,2.8,3.1,3.4,7.2,87.3,950.6,536.7,42280.0,0.0
27539,138.0,142.0,145.0,2.6,2.8,3.0,7.2,87.5,950.6,536.7,42280.0,0.0
27599,143.0,152.0,156.0,2.7,3.0,3.2,7.2,88.0,950.6,536.7,42280.0,0.0
27659,156.0,160.0,165.0,3.3,3.5,3.8,7.2,87.8,950.6,536.7,42280.0,0.0
27719,142.0,146.0,151.0,2.3,2.6,2.7,7.2,87.6,950.6,536.7,42280.0,0.0
27779,138.0,146.0,153.0,2.5,2.9,3.2,7.2,88.0,950.6,536.7,42280.0,0.0
27839,150.0,155.0,159.0,3.0,3.3,3.5,7.3,88.6,950.5,536.7,42280.0,0.0
27899,145.0,153.0,156.0,3.2,3.3,3.5,7.2,89.4,950.6,536.7,42280.0,0.0
27959,141.0,148.0,160.0,2.3,2.6,2.9,7.4,88.3,950.6,536.7,42280.0,0.0
28019,138.0,147.0,154.0,2.4,2.7,2.8,7.4,88.0,950.6,536.7,42280.0,0.0
28079,141.0,143.0,149.0,2.4,2.6,3.0,7.3,87.6,950.6,536.7,42280.0,0.0
28139,135.0,144.0,153.0,2.1,2.3,2.6,7.2,88.5,950.6,536.7,42280.0,0.0
28199,132.0,150.0,166.0,1.1,1.4,1.7,7.4,88.3,950.6,536.7,42280.0,0.0
28259,155.0,171.0,178.0,1.8,2.1,2.4,7.4,88.1,950.6,536.7,42280.0,0.0
28319,158.0,171.0,183.0,1.2,1.6,1.9,7.5,88.4,950.6,536.7,42280.0,0.0
28379,111.0,134.0,172.0,0.4,0.6,0.8,7.5,88.1,950.7,536.7,42280.0,0.0
28439,90.0,114.0,169.0,0.2,0.3,0.5,7.5,88.3,950.7,536.7,42280.0,0.0
28499,124.0,166.0,195.0,0.2,0.4,0.8,7.5,88.6,950.6,536.7,42280.0,0.0
28559,179.0,197.0,214.0,0.2,0.4,0.7,7.6,88.4,950.7,536.7,42280.0,0.0
28619,214.0,225.0,239.0,1.4,1.6,1.9,7.6,88.3,950.6,536.7,42280.0,0.0
28679,229.0,240.0,247.0,1.0,1.3,1.6,7.6,87.8,950.6,536.7,42280.0,0.0
28739,255.0,267.0,271.0,0.6,0.7,0.8,7.6,87.7,950.7,536.7,42280.0,0.0
28799,258.0,268.0,288.0,0.5,0.9,1.0,7.6,88.1,950.7,536.7,42280.0,0.0
28859,218.0,229.0,243.0,0.9,1.0,1.0,7.7,88.0,950.6,536.7,42280.0,0.0
28919,227.0,236.0,242.0,0.7,0.9,1.1,7.7,88.2,950.6,536.7,42280.0,0.0
28979,277.0,289.0,294.0,0.8,1.1,1.3,7.8,88.0,950.7,536.7,42280.0,0.0
29039,276.0,308.0,340.0,0.7,0.8,1.0,7.8,88.1,950.7,536.7,42280.0,0.0
29099,271.0,288.0,302.0,0.6,0.8,0.9,7.8,88.2,950.7,536.7,42280.0,0.0
29159,10.0,305.0,283.0,0.2,1.0,1.4,7.9,88.3,950.7,536.7,42280.0,0.0
29219,221.0,243.0,266.0,0.3,0.4,0.6,8.0,88.2,950.7,536.7,42280.0,0.0
29279,277.0,292.0,306.0,0.7,1.0,1.4,8.0,88.1,950.7,536.7,42280.0,0.0
29339,96.0,335.0,155.0,0.1,0.6,1.1,8.1,88.2,950.7,536.7,42280.0,0.0
29399,195.0,224.0,272.0,0.1,0.2,0.3,8.1,88.1,950.7,536.7,42280.0,0.0
29459,329.0,348.0,0.0,1.0,1.1,1.1,8.2,88.2,950.7,536.7,42280.0,0.0
29519,341.0,351.0,0.0,1.0,1.2,1.4,8.2,87.8,950.7,536.7,42280.0,0.0
29579,251.0,264.0,271.0,0.3,0.8,1.1,8.2,87.8,950.7,536.7,42280.0,0.0
29639,135.0,241.0,257.0,0.3,0.9,1.2,8.2,87.8,950.7,536.7,42280.0,0.0
29699,232.0,244.0,259.0,1.1,1.4,1.7,8.2,87.8,950.7,536.7,42280.0,0.0
29759,236.0,247.0,256.0,1.2,1.5,1.8,8.2,87.4,950.7,536.7,42280.0,0.0
29819,256.0,271.0,286.0,0.8,1.2,1.6,8.1,87.3,950.7,536.7,42280.0,0.0
29879,281.0,313.0,330.0,0.4,0.6,0.9,8.1,87.5,950.7,536.7,42280.0,0.0
29939,123.0,349.0,314.0,0.2,1.3,1.9,8.0,87.6,950.8,536.7,42280.0,0.0
29999,230.0,247.0,261.0,0.7,0.9,1.1,8.0,87.5,950.7,536.7,42280.0,0.0
30059,208.0,212.0,217.0,2.0,2.1,2.2,8.0,87.8,950.6,536.7,42280.0,0.0
30119,174.0,191.0,213.0,0.8,1.1,1.3,8.0,87.8,950.7,536.7,42280.0,0.0
30179,82.0,152.0,179.0,0.3,0.5,0.8,8.1,88.2,950.8,536.7,42280.0,0.0
30239,191.0,206.0,229.0,0.3,0.8,1.1,8.2,88.3,950.7,536.7,42280.0,0.0
30299,163.0,174.0,191.0,0.6,0.9,1.2,8.3,88.5,950.7,536.7,42280.0,0.0
30359,265.0,149.0,339.0,0.0,0.2,0.4,8.4,88.8,950.8,536.7,42280.0,0.0
30419,38.0,72.0,97.0,0.5,0.8,1.2,8.6,89.0,950.8,536.7,42280.0,0.0
30479,21.0,32.0,57.0,0.8,1.6,2.1,8.6,88.8,950.8,536.7,42280.0,0.0
30539,50.0,68.0,78.0,0.4,0.8,1.0,8.7,88.4,950.8,536.7,42280.0,0.0
30599,46.0,61.0,75.0,0.5,0.6,0.7,8.7,88.6,950.8,536.7,42280.0,0.0
30659,94.0,277.0,174.0,0.1,0.2,0.4,8.8,88.9,950.8,536.7,42280.0,0.0
30719,89.0,116.0,149.0,0.6,0.9,1.1,9.0,89.1,950.8,536.7,42280.0,0.0
30779,2.0,21.0,38.0,0.9,1.2,1.4,9.1,89.0,950.8,536.7,42280.0,0.0
30839,44.0,53.0,63.0,0.4,0.6,0.8,9.1,88.4,950.8,536.7,42280.0,0.0
30899,101.0,203.0,285.0,0.1,0.4,0.8,9.1,88.8,950.8,536.7,42280.0,0.0
30959,243.0,252.0,257.0,0.9,1.0,1.2,9.2,88.9,950.8,536.7,42280.0,0.0
31019,311.0,329.0,346.0,0.6,1.0,1.2,9.3,88.7,950.8,536.7,42280.0,0.0
31079,328.0,341.0,351.0,1.3,1.4,1.7,9.3,88.1,950.9,536.7,42280.0,0.0
31139,292.0,303.0,312.0,1.0,1.2,1.5,9.2,87.6,950.9,536.7,42280.0,0.0
31199,287.0,293.0,301.0,1.0,1.2,1.4,9.1,87.6,950.9,536.7,42280.0,0.0
31259,173.0,203.0,241.0,0.2,0.4,0.5,9.0,87.8,950.8,536.7,42280.0,0.0
31319,247.0,289.0,314.0,0.1,0.2,0.3,9.0,88.4,950.9,536.7,42280.0,0.0
31379,303.0,309.0,319.0,1.1,1.4,1.6,9.2,88.8,951.0,536.7,42280.0,0.0
31439,299.0,304.0,310.0,1.9,2.3,2.7,9.2,88.2,951.0,536.7,42280.0,0.0
31499,296.0,304.0,310.0,1.8,2.0,2.2,9.1,87.5,951.0,536.7,42280.0,0.0
31559,303.0,317.0,332.0,1.1,1.3,1.6,8.9,87.3,951.1,536.7,42280.0,0.0
31619,316.0,323.0,330.0,2.7,3.1,3.4,8.8,87.3,951.1,536.7,42280.0,0.0
31679,312.0,318.0,324.0,2.6,2.8,3.2,8.6,86.8,951.1,536.7,42280.0,0.0
31739,308.0,319.0,323.0,2.1,2.6,3.0,8.5,86.9,951.0,536.7,42280.0,0.0
31799,320.0,328.0,334.0,2.0,2.3,2.6,8.3,87.0,951.2,536.7,42280.0,0.0
31859,327.0,339.0,351.0,1.5,1.8,2.1,8.2,87.4,951.1,536.7,42280.0,0.0
31919,316.0,327.0,340.0,1.6,1.9,2.2,8.2,87.6,951.2,536.7,42280.0,0.0
31979,314.0,321.0,328.0,2.7,3.0,3.4,8.3,87.8,951.1,536.7,42280.0,0.0
32039,313.0,322.0,330.0,2.2,2.7,2.9,8.1,87.6,951.2,536.7,42280.0,0.0
32099,307.0,323.0,339.0,1.9,2.1,2.4,8.1,87.7,951.2,536.7,42280.0,0.0
32159,330.0,334.0,341.0,2.6,2.8,3.0,8.0,87.6,951.2,536.7,42280.0,0.0
32219,301.0,315.0,330.0,2.4,2.6,2.9,8.0,87.5,951.2,536.7,42280.0,0.0
32279,295.0,300.0,304.0,2.1,2.3,2.4,7.7,88.2,951.1,536.7,42280.0,0.0
32339,314.0,323.0,330.0,2.1,2.4,2.6,7.9,89.0,951.2,536.7,42280.0,0.0
32399,333.0,345.0,354.0,2.3,2.6,2.8,7.9,87.8,951.3,536.7,42280.0,0.0
32459,336.0,341.0,348.0,1.4,1.5,1.7,8.0,88.3,951.3,536.7,42280.0,0.0
32519,309.0,317.0,328.0,1.5,1.7,1.8,8.0,88.0,951.2,536.7,42280.0,0.0
32579,305.0,312.0,321.0,1.3,1.5,1.8,8.0,87.8,951.2,536.7,42280.0,0.0
32639,323.0,329.0,339.0,1.2,1.4,1.7,8.0,87.4,951.3,536.7,42280.0,0.0
32699,327.0,336.0,352.0,1.0,1.3,1.6,8.0,87.1,951.3,536.7,42280.0,0.0
32759,306.0,323.0,344.0,0.3,0.8,1.7,8.1,88.0,951.4,536.7,42280.0,0.0
32819,5.0,331.0,317.0,0.4,0.8,1.2,8.3,87.0,951.4,536.7,42280.0,0.0
32879,35.0,10.0,343.0,0.5,1.1,1.5,8.4,86.5,951.4,536.7,42280.0,0.0
32939,322.0,343.0,356.0,1.3,1.5,1.8,8.4,85.5,951.5,536.7,42280.0,0.0
32999,309.0,318.0,329.0,1.6,2.2,2.6,8.5,85.0,951.5,536.7,42280.0,0.0
33059,310.0,320.0,327.0,1.4,1.6,1.7,8.6,84.7,951.5,536.7,42280.0,0.0
33119,275.0,292.0,302.0,0.9,1.4,1.7,8.6,85.0,951.4,536.7,42280.0,0.0
33179,307.0,333.0,345.0,0.4,0.7,0.9,8.7,85.3,951.4,536.7,42280.0,0.0
33239,314.0,343.0,355.0,0.7,0.9,1.1,8.8,85.7,951.5,536.7,42280.0,0.0
33299,11.0,350.0,329.0,0.3,0.5,0.8,8.9,85.6,951.4,536.7,42280.0,0.0
33359,126.0,229.0,292.0,0.0,0.3,0.5,9.0,86.0,951.4,536.7,42280.0,0.0
33419,80.0,250.0,329.0,0.1,0.2,0.5,9.1,86.5,951.4,536.7,42280.0,0.0
33479,83.0,91.0,109.0,2.2,2.7,3.2,9.5,87.0,951.5,536.7,42280.0,0.0
33539,99.0,117.0,142.0,1.3,2.0,2.3,9.7,85.4,951.5,536.7,42280.0,0.0
33599,117.0,131.0,147.0,1.3,1.6,2.0,9.8,84.5,951.5,536.7,42280.0,0.0
33659,136.0,146.0,156.0,1.7,1.9,2.3,9.9,84.2,951.5,536.7,42280.0,0.0
33719,89.0,103.0,113.0,1.9,2.3,2.7,10.0,84.8,951.5,536.7,42280.0,0.0
33779,13.0,81.0,111.0,0.5,1.5,2.0,10.1,83.8,951.5,536.7,42280.0,0.0
33839,152.0,133.0,351.0,0.1,0.9,1.5,10.3,82.9,951.5,536.7,42280.0,0.0
33899,131.0,142.0,157.0,0.8,1.0,1.3,10.4,82.5,951.5,536.7,42280.0,0.0
33959,142.0,174.0,211.0,0.4,0.6,0.8,10.4,81.5,951.6,536.7,42280.0,0.0
34019,121.0,166.0,210.0,0.5,1.3,1.9,10.5,83.4,951.6,536.7,42280.0,0.0
34079,104.0,118.0,149.0,1.0,1.6,2.1,10.7,82.3,951.6,536.7,42280.0,0.0
34139,128.0,150.0,172.0,0.4,0.9,1.2,10.7,81.8,951.6,536.7,42280.0,0.0
34199,90.0,214.0,317.0,0.1,0.4,1.0,10.8,82.5,951.6,536.7,42280.0,0.0
34259,107.0,141.0,210.0,0.5,1.7,2.3,10.9,81.7,951.5,536.7,42280.0,0.0
34319,95.0,141.0,169.0,0.9,1.3,1.6,10.9,80.1,951.5,536.7,42280.0,0.0
34379,84.0,106.0,131.0,0.3,1.1,1.6,10.9,79.7,951.5,536.7,42280.0,0.0
34439,55.0,65.0,72.0,1.1,1.4,1.9,11.0,78.8,951.5,536.7,42280.0,0.0
34499,64.0,90.0,126.0,0.8,1.2,1.5,11.2,78.6,951.6,536.7,42280.0,0.0
34559,146.0,58.0,295.0,0.2,0.7,1.1,11.5,79.7,951.6,536.7,42280.0,0.0
34619,51.0,254.0,89.0,0.0,0.3,0.7,11.7,78.7,951.6,536.7,42280.0,0.0
34679,119.0,125.0,138.0,1.6,1.9,2.4,11.8,76.7,951.6,536.7,42280.0,0.0
34739,85.0,129.0,150.0,0.8,1.1,1.5,11.6,77.1,951.6,536.7,42280.0,0.0
34799,177.0,212.0,271.0,0.3,0.9,1.9,11.7,78.7,951.6,536.7,42280.0,0.0
34859,88.0,159.0,182.0,0.7,2.0,2.7,11.8,77.6,951.7,536.7,42280.0,0.0
34919,137.0,153.0,170.0,1.2,1.7,2.1,11.8,76.7,951.7,536.7,42280.0,0.0
34979,213.0,225.0,241.0,1.7,2.0,2.4,11.7,76.1,951.6,536.7,42280.0,0.0
35039,156.0,201.0,239.0,0.7,1.0,1.5,11.7,76.4,951.6,536.7,42280.0,0.0
35099,214.0,222.0,236.0,1.5,2.1,2.5,11.7,77.3,951.6,536.7,42280.0,0.0
35159,207.0,229.0,256.0,2.0,2.6,3.4,11.8,76.1,951.6,536.7,42280.0,0.0
35219,187.0,207.0,219.0,1.3,1.7,2.2,11.9,75.9,951.7,536.7,42280.0,0.0
35279,181.0,222.0,256.0,0.7,2.0,2.5,11.9,75.8,951.7,536.7,42280.0,0.0
35339,195.0,205.0,215.0,1.4,1.6,2.0,11.9,74.4,951.7,536.7,42280.0,0.0
35399,201.0,273.0,343.0,0.2,0.6,1.2,11.9,74.4,951.7,536.7,42280.0,0.0
35459,205.0,219.0,236.0,1.5,1.8,2.1,11.8,74.3,951.7,536.7,42280.0,0.0
35519,127.0,206.0,240.0,0.2,0.7,1.1,11.8,74.7,951.6,536.7,42280.0,0.0
35579,138.0,161.0,180.0,0.6,1.5,1.8,11.9,74.7,951.7,536.7,42280.0,0.0
35639,169.0,184.0,210.0,1.0,1.5,1.9,12.0,73.6,951.7,536.7,42280.0,0.0
35699,165.0,205.0,217.0,0.9,1.3,1.8,12.0,73.3,951.7,536.7,42280.0,0.0
35759,233.0,242.0,252.0,2.1,2.4,2.6,12.1,72.9,951.7,536.7,42280.0,0.0
35819,209.0,230.0,251.0,1.5,2.1,2.7,12.2,72.5,951.7,536.7,42280.0,0.0
35879,94.0,207.0,275.0,0.1,0.9,2.2,12.2,73.1,951.7,536.7,42280.0,0.0
35939,77.0,316.0,271.0,0.1,0.5,1.5,12.3,72.2,951.7,536.7,42280.0,0.0
35999,218.0,242.0,254.0,0.8,1.0,1.2,12.4,72.0,951.7,536.7,42280.0,0.0
36059,52.0,344.0,99.0,0.0,0.2,0.7,12.4,72.3,951.7,536.7,42280.0,0.0
36119,207.0,224.0,245.0,0.9,1.6,1.9,12.5,71.3,951.7,536.7,42280.0,0.0
36179,135.0,212.0,296.0,0.1,0.5,1.0,12.5,70.8,951.7,536.7,42280.0,0.0
36239,225.0,236.0,249.0,1.1,1.6,2.1,12.5,71.5,951.7,536.7,42280.0,0.0
36299,184.0,199.0,214.0,1.1,1.5,1.8,12.5,73.1,951.8,536.7,42280.0,0.0
36359,206.0,249.0,272.0,0.3,1.1,1.5,12.6,70.9,951.8,536.7,42280.0,0.0
36419,148.0,184.0,257.0,0.2,0.9,2.0,12.7,71.7,951.8,536.7,42280.0,0.0
36479,144.0,174.0,202.0,0.6,0.8,1.2,12.8,70.8,951.7,536.7,42280.0,0.0
36539,185.0,205.0,311.0,0.4,1.6,2.4,12.8,71.0,951.7,536.7,42280.0,0.0
36599,183.0,189.0,195.0,1.6,1.9,2.4,12.9,69.5,951.7,536.7,42280.0,0.0
36659,137.0,214.0,259.0,0.5,0.8,1.3,12.9,69.0,951.7,536.7,42280.0,0.0
36719,189.0,218.0,272.0,0.1,0.6,1.3,13.0,70.4,951.7,536.7,42280.0,0.0
36779,124.0,236.0,296.0,0.2,0.6,1.4,13.2,70.2,951.8,536.7,42280.0,0.0
36839,159.0,238.0,261.0,0.3,1.8,2.9,13.5,68.0,951.8,536.7,42280.0,0.0
36899,287.0,131.0,319.0,0.1,0.4,1.1,13.5,66.2,951.8,536.7,42280.0,0.0
36959,32.0,205.0,87.0,0.1,0.5,1.2,13.5,67.0,951.8,536.7,42280.0,0.0
37019,223.0,211.0,271.0,0.1,0.5,1.0,13.5,66.7,951.8,536.7,42280.0,0.0
37079,235.0,249.0,265.0,1.2,1.7,2.2,13.6,67.0,951.8,536.7,42280.0,0.0
37139,201.0,224.0,246.0,1.0,1.5,2.1,13.7,65.9,951.8,536.7,42280.0,0.0
37199,156.0,179.0,211.0,0.4,0.7,1.0,13.7,66.8,951.9,536.7,42280.0,0.0
37259,129.0,165.0,192.0,0.4,0.7,1.0,13.8,65.9,951.8,536.7,42280.0,0.0
37319,101.0,218.0,304.0,0.0,0.7,1.5,14.0,65.6,951.8,536.7,42280.0,0.0
37379,263.0,191.0,299.0,0.1,0.5,1.2,14.0,64.5,951.8,536.7,42280.0,0.0
37439,240.0,251.0,265.0,2.1,2.5,2.6,14.0,63.8,951.8,536.7,42280.0,0.0
37499,216.0,249.0,263.0,1.0,1.6,2.4,13.9,63.9,951.9,536.7,42280.0,0.0
37559,254.0,265.0,275.0,0.3,1.6,2.1,13.8,64.1,951.9,536.7,42280.0,0.0
37619,261.0,271.0,281.0,0.9,1.1,1.3,13.7,64.3,951.9,536.7,42280.0,0.0
37679,250.0,273.0,307.0,0.8,1.2,1.7,13.7,64.4,951.9,536.7,42280.0,0.0
37739,5.0,291.0,270.0,0.6,2.2,3.0,13.7,64.6,951.9,536.7,42280.0,0.0
37799,228.0,249.0,260.0,0.7,2.4,3.1,13.7,64.3,951.9,536.7,42280.0,0.0
37859,225.0,239.0,250.0,1.6,2.0,2.3,13.7,63.4,951.9,536.7,42280.0,0.0
37919,175.0,234.0,262.0,0.5,1.4,2.5,13.7,63.8,952.0,536.71,42290.0,0.4
37979,252.0,265.0,288.0,0.6,1.8,2.6,13.7,63.1,952.0,536.71,42300.0,0.0
38039,222.0,241.0,255.0,0.7,2.1,2.8,13.7,62.5,952.0,536.71,42300.0,0.0
38099,220.0,278.0,352.0,0.3,1.3,2.1,13.7,62.3,952.0,536.71,42300.0,0.0
38159,248.0,255.0,263.0,3.1,3.5,4.1,13.6,63.5,951.9,536.71,42300.0,0.0
38219,245.0,257.0,266.0,2.4,2.7,3.0,13.6,62.5,951.9,536.71,42300.0,0.0
38279,251.0,262.0,273.0,1.4,1.9,2.3,13.5,62.5,951.9,536.71,42300.0,0.0
38339,122.0,222.0,245.0,0.1,2.5,3.3,13.5,64.4,952.0,536.71,42300.0,0.0
38399,135.0,207.0,293.0,0.1,1.0,2.6,13.7,61.8,952.0,536.71,42300.0,0.0
38459,244.0,263.0,276.0,0.6,1.9,2.8,13.9,61.3,952.0,536.71,42300.0,0.0
38519,232.0,272.0,288.0,0.7,2.7,4.1,14.1,60.4,952.0,536.71,42300.0,0.0
38579,253.0,262.0,270.0,1.6,2.9,3.4,14.1,59.6,952.0,536.71,42300.0,0.0
38639,253.0,260.0,270.0,1.5,2.8,3.1,14.0,60.1,952.0,536.71,42300.0,0.0
38699,249.0,267.0,286.0,1.6,2.8,3.8,13.9,60.4,952.0,536.71,42300.0,0.0
38759,187.0,253.0,270.0,1.0,3.4,4.7,13.9,60.7,952.0,536.71,42300.0,0.0
38819,230.0,243.0,253.0,2.5,3.3,3.7,14.0,60.9,952.0,536.71,42300.0,0.0
38879,235.0,245.0,254.0,2.4,2.9,3.5,14.0,59.8,952.0,536.71,42300.0,0.0
38939,196.0,219.0,253.0,1.2,1.5,2.2,14.1,60.1,952.0,536.71,42300.0,0.0
38999,264.0,271.0,275.0,2.6,3.0,3.3,14.1,57.5,952.0,536.71,42300.0,0.0
39059,232.0,243.0,254.0,2.6,3.3,3.9,14.2,59.6,952.0,536.71,42300.0,0.0
39119,228.0,238.0,248.0,1.8,2.1,2.6,14.3,59.6,952.0,536.71,42300.0,0.0
39179,221.0,236.0,260.0,1.8,2.2,3.0,14.3,60.0,952.0,536.71,42300.0,0.0
39239,179.0,267.0,287.0,0.1,1.5,2.2,14.4,60.5,952.0,536.71,42300.0,0.0
39299,233.0,248.0,258.0,2.3,2.9,3.3,14.5,59.7,952.0,536.71,42300.0,0.0
39359,84.0,280.0,252.0,0.6,2.5,3.8,14.5,61.4,952.0,536.71,42300.0,0.0
39419,280.0,290.0,299.0,3.0,3.4,3.9,14.7,59.4,952.0,536.71,42300.0,0.0
39479,249.0,271.0,285.0,1.5,2.5,3.4,14.8,58.4,952.0,536.71,42300.0,0.0
39539,241.0,252.0,264.0,3.2,3.8,4.2,14.8,59.2,952.0,536.71,42300.0,0.0
39599,254.0,263.0,281.0,1.9,3.5,4.3,14.8,59.0,952.0,536.71,42300.0,0.0
39659,240.0,254.0,265.0,1.7,2.1,2.5,14.7,58.1,952.1,536.71,42300.0,0.0
39719,142.0,255.0,278.0,0.3,1.7,2.5,14.6,57.9,952.1,536.71,42300.0,0.0
39779,218.0,233.0,244.0,1.6,2.0,2.3,14.6,58.1,952.1,536.71,42300.0,0.0
39839,247.0,255.0,263.0,3.0,3.4,3.9,14.7,58.0,952.0,536.71,42300.0,0.0
39899,247.0,257.0,268.0,0.6,2.0,2.5,14.7,57.7,952.1,536.71,42300.0,0.0
39959,254.0,264.0,269.0,2.9,3.7,4.1,14.8,57.1,952.0,536.71,42300.0,0.0
40019,246.0,255.0,261.0,2.5,3.5,3.8,14.8,56.6,952.1,536.71,42300.0,0.0
40079,252.0,266.0,280.0,1.3,2.3,3.0,14.7,57.2,952.1,536.71,42300.0,0.0
40139,52.0,280.0,221.0,0.2,1.7,3.3,14.8,57.4,952.1,536.71,42300.0,0.0
40199,271.0,286.0,294.0,0.8,1.2,1.4,14.8,54.4,952.2,536.71,42300.0,0.0
40259,226.0,234.0,239.0,2.5,3.0,3.4,14.9,55.6,952.1,536.71,42310.0,0.2
40319,126.0,214.0,247.0,0.5,1.1,1.7,14.9,55.7,952.1,536.71,42310.0,0.0
40379,184.0,205.0,224.0,0.8,1.2,1.8,15.0,56.3,952.1,536.71,42310.0,0.0
40439,252.0,261.0,274.0,2.5,3.9,4.7,15.1,56.6,952.1,536.71,42310.0,0.0
40499,256.0,266.0,279.0,1.2,2.3,2.9,15.1,56.0,952.2,536.71,42310.0,0.0
40559,109.0,286.0,355.0,0.1,0.3,0.6,15.1,55.8,952.2,536.71,42310.0,0.0
40619,282.0,301.0,326.0,1.8,2.7,3.7,15.2,56.8,952.2,536.71,42310.0,0.0
40679,137.0,233.0,355.0,0.2,1.4,2.0,15.3,55.3,952.2,536.71,42310.0,0.0
40739,268.0,281.0,292.0,1.1,3.2,4.1,15.5,55.3,952.2,536.71,42310.0,0.0
40799,144.0,251.0,291.0,0.3,2.5,3.9,15.7,56.3,952.2,536.71,42310.0,0.0
40859,248.0,265.0,292.0,1.7,2.8,4.3,15.9,53.2,952.2,536.71,42310.0,0.0
40919,269.0,283.0,296.0,2.2,2.6,2.9,15.8,53.9,952.2,536.71,42310.0,0.0
40979,265.0,280.0,295.0,2.0,3.8,6.2,15.8,53.5,952.2,536.71,42310.0,0.0
41039,307.0,317.0,326.0,2.0,2.6,3.1,15.9,52.2,952.2,536.71,42310.0,0.0
41099,236.0,276.0,353.0,0.3,1.9,3.7,15.9,53.7,952.2,536.71,42310.0,0.0
41159,215.0,233.0,247.0,1.2,1.5,2.1,15.9,52.3,952.2,536.71,42310.0,0.0
41219,252.0,263.0,273.0,1.8,2.9,4.0,15.9,54.6,952.2,536.71,42310.0,0.0
41279,264.0,275.0,299.0,1.2,3.6,4.5,15.9,52.4,952.2,536.71,42310.0,0.0
41339,254.0,271.0,283.0,1.8,2.5,3.0,15.8,51.9,952.2,536.71,42310.0,0.0
41399,285.0,299.0,318.0,1.6,2.1,2.6,15.7,52.3,952.2,536.71,42310.0,0.0
41459,311.0,328.0,352.0,0.7,1.7,2.1,15.7,52.9,952.2,536.74,42310.0,0.0
41519,289.0,307.0,353.0,0.6,1.7,2.2,15.8,52.9,952.2,536.83,42370.0,6.2
41579,255.0,259.0,263.0,2.6,2.9,3.3,15.9,52.3,952.2,536.88,42420.0,3.1
41639,265.0,280.0,293.0,1.8,3.1,4.3,16.0,53.1,952.2,536.94,42480.0,3.5
41699,240.0,255.0,265.0,1.4,1.9,2.2,16.0,51.9,952.2,537.01,42540.0,4.8
41759,216.0,240.0,270.0,1.6,2.0,2.9,16.0,51.9,952.2,537.04,42570.0,2.2
41819,261.0,267.0,273.0,2.8,3.5,4.5,16.0,51.8,952.2,537.04,42570.0,0.0
41879,247.0,260.0,270.0,2.1,3.6,4.0,16.1,51.6,952.2,537.04,42570.0,0.0
41939,184.0,256.0,296.0,0.9,3.0,4.2,16.1,51.7,952.1,537.04,42570.0,0.0
41999,283.0,291.0,296.0,3.9,4.3,4.6,16.0,51.0,952.2,537.04,42570.0,0.0
42059,287.0,294.0,305.0,2.7,3.9,4.6,16.0,50.8,952.2,537.04,42570.0,0.0
42119,276.0,285.0,298.0,2.4,3.3,4.5,15.9,51.3,952.2,537.04,42570.0,0.0
42179,272.0,280.0,290.0,2.3,2.7,3.0,15.9,51.7,952.2,537.04,42570.0,0.0
42239,260.0,267.0,272.0,3.2,3.5,4.1,15.9,52.0,952.2,537.04,42570.0,0.0
42299,258.0,265.0,270.0,3.9,4.3,4.6,15.9,51.1,952.2,537.04,42570.0,0.0
42359,282.0,288.0,294.0,3.4,4.1,4.6,15.9,51.3,952.2,537.04,42570.0,0.0
42419,254.0,279.0,319.0,0.6,2.6,3.6,15.9,51.7,952.2,537.04,42570.0,0.0
42479,277.0,292.0,305.0,1.4,2.7,3.3,16.0,51.6,952.3,537.04,42570.0,0.0
42539,289.0,307.0,327.0,1.3,1.5,1.9,16.1,50.4,952.3,537.04,42570.0,0.0
42599,283.0,303.0,319.0,2.2,2.7,3.4,16.2,49.7,952.2,537.04,42570.0,0.0
42659,280.0,292.0,301.0,1.8,2.0,2.3,16.3,50.2,952.2,537.04,42570.0,0.0
42719,60.0,313.0,117.0,0.3,1.0,2.1,16.4,51.0,952.2,537.04,42570.0,0.0
42779,259.0,282.0,310.0,1.3,2.4,3.4,16.6,50.8,952.3,537.04,42570.0,0.0
42839,8.0,350.0,331.0,0.8,1.2,1.7,16.7,49.2,952.2,537.04,42570.0,0.0
42899,36.0,17.0,354.0,0.7,1.1,1.8,16.7,50.2,952.2,537.04,42570.0,0.0
42959,63.0,25.0,303.0,0.2,0.8,1.1,16.7,51.2,952.2,537.04,42570.0,0.0
43019,257.0,272.0,286.0,0.2,2.4,3.3,16.8,52.6,952.2,537.04,42570.0,0.0
43079,185.0,267.0,284.0,0.7,2.2,3.5,17.0,54.0,952.2,537.04,42570.0,0.0
43139,253.0,258.0,265.0,4.0,4.7,5.2,17.2,51.3,952.1,537.04,42570.0,0.0
43199,267.0,287.0,307.0,1.0,3.2,4.2,17.3,51.7,952.2,537.04,42570.0,0.0
43259,253.0,272.0,280.0,0.7,3.1,3.9,17.2,50.6,952.2,537.04,42570.0,0.0
43319,48.0,303.0,270.0,0.4,0.9,1.7,17.1,50.5,952.2,537.04,42570.0,0.0
43379,236.0,257.0,270.0,0.8,3.0,4.3,17.0,52.5,952.2,537.04,42570.0,0.0
43439,268.0,282.0,293.0,1.8,3.4,4.3,17.2,52.3,952.1,537.04,42570.0,0.0
43499,227.0,241.0,260.0,0.4,2.5,3.4,17.4,50.1,952.1,537.04,42570.0,0.0
43559,280.0,290.0,309.0,1.4,1.8,2.5,17.4,50.3,952.2,537.04,42570.0,0.0
43619,218.0,244.0,261.0,1.5,1.9,2.7,17.4,49.8,952.2,537.04,42570.0,0.0
43679,224.0,259.0,288.0,0.5,1.6,2.3,17.4,50.8,952.1,537.04,42570.0,0.0
43739,260.0,277.0,332.0,1.0,2.6,3.9,17.5,50.2,952.1,537.04,42570.0,0.0
43799,243.0,275.0,356.0,0.3,1.1,1.4,17.5,49.2,952.2,537.04,42570.0,0.0
43859,199.0,228.0,254.0,2.3,3.7,5.7,17.6,51.6,952.1,537.04,42570.0,0.0
43919,255.0,263.0,271.0,2.9,3.6,4.4,17.8,50.9,952.1,537.04,42570.0,0.0
43979,257.0,265.0,274.0,2.9,3.4,4.2,17.8,48.7,952.1,537.04,42570.0,0.0
44039,247.0,258.0,269.0,1.1,1.4,2.0,17.7,48.8,952.2,537.04,42570.0,0.0
44099,240.0,245.0,251.0,2.4,2.9,3.5,17.5,49.5,952.1,537.04,42570.0,0.0
44159,250.0,258.0,264.0,2.9,3.3,3.7,17.4,49.0,952.1,537.04,42570.0,0.0
44219,167.0,261.0,265.0,0.3,1.6,2.4,17.4,50.4,952.1,537.04,42570.0,0.0
44279,252.0,263.0,277.0,1.2,2.9,4.0,17.5,50.2,952.1,537.04,42570.0,0.0
44339,259.0,268.0,275.0,2.6,3.4,3.9,17.6,49.1,952.1,537.04,42570.0,0.0
44399,232.0,243.0,249.0,2.3,2.6,2.9,17.5,49.6,952.1,537.04,42570.0,0.0
44459,214.0,283.0,344.0,0.5,1.0,1.5,17.5,49.5,952.1,537.04,42570.0,0.0
44519,229.0,246.0,262.0,2.8,3.9,4.9,17.6,50.8,952.0,537.04,42570.0,0.0
44579,234.0,246.0,253.0,2.6,2.8,3.3,17.7,49.2,952.1,537.04,42570.0,0.0
44639,197.0,263.0,312.0,0.2,1.4,3.1,17.7,51.3,952.0,537.04,42570.0,0.0
44699,284.0,291.0,298.0,2.3,2.7,3.1,17.8,49.5,952.0,537.04,42570.0,0.0
44759,273.0,281.0,290.0,1.7,2.1,2.4,17.8,49.5,952.0,537.04,42570.0,0.0
44819,176.0,255.0,276.0,0.5,2.0,4.7,17.8,51.0,952.0,537.04,42570.0,0.0
44879,292.0,313.0,338.0,0.5,1.0,1.3,17.8,49.9,952.1,537.04,42570.0,0.0
44939,70.0,240.0,308.0,0.4,2.2,4.1,17.8,52.3,952.1,537.04,42570.0,0.0
44999,258.0,269.0,274.0,2.3,3.1,4.2,17.9,50.5,952.0,537.04,42570.0,0.0
45059,238.0,247.0,261.0,2.6,3.6,4.6,17.8,50.5,952.0,537.04,42570.0,0.0
45119,272.0,284.0,301.0,1.4,3.9,5.2,17.8,52.6,952.0,537.04,42570.0,0.0
45179,220.0,238.0,253.0,4.2,5.0,5.8,18.0,51.2,952.0,537.04,42570.0,0.0
45239,241.0,247.0,253.0,4.8,5.3,5.8,18.0,50.5,951.9,537.04,42570.0,0.0
45299,148.0,254.0,311.0,0.3,1.6,2.8,17.9,50.7,952.0,537.04,42570.0,0.0
45359,212.0,237.0,263.0,2.2,4.2,5.0,17.9,52.4,951.9,537.04,42570.0,0.0
45419,226.0,235.0,249.0,3.5,4.3,5.1,18.0,51.1,951.9,537.04,42570.0,0.0
45479,242.0,252.0,261.0,2.4,3.0,3.8,18.0,51.3,952.0,537.04,42570.0,0.0
45539,249.0,256.0,262.0,3.4,4.1,4.6,18.0,51.7,952.0,537.04,42570.0,0.0
45599,211.0,224.0,232.0,3.6,4.0,4.6,18.0,51.8,952.0,537.04,42570.0,0.0
45659,220.0,235.0,247.0,3.3,4.1,4.7,18.0,51.2,952.0,537.04,42570.0,0.0
45719,250.0,260.0,278.0,2.4,3.4,4.2,18.2,50.9,952.0,537.04,42570.0,0.0
45779,236.0,261.0,274.0,0.9,3.6,5.0,18.2,52.1,951.9,537.04,42570.0,0.0
45839,230.0,240.0,259.0,3.2,4.0,4.7,18.2,50.8,952.0,537.04,42570.0,0.0
45899,172.0,243.0,351.0,0.9,3.0,4.6,18.2,51.0,952.0,537.04,42570.0,0.0
45959,162.0,253.0,270.0,0.4,3.6,4.9,18.3,50.7,952.0,537.04,42570.0,0.0
46019,221.0,256.0,293.0,0.5,2.2,3.7,18.3,49.5,952.0,537.04,42570.0,0.0
46079,221.0,234.0,241.0,1.7,2.8,3.8,18.3,49.8,952.1,537.04,42570.0,0.0
46139,260.0,266.0,273.0,2.6,3.1,4.0,18.3,49.5,952.0,537.04,42570.0,0.0
46199,273.0,282.0,288.0,3.4,3.6,3.9,18.2,50.0,952.0,537.04,42570.0,0.0
46259,270.0,276.0,283.0,1.1,1.4,1.9,18.1,49.6,952.1,537.04,42570.0,0.0
46319,235.0,300.0,347.0,0.2,0.7,1.1,18.1,50.0,952.1,537.04,42570.0,0.0
46379,269.0,283.0,299.0,2.3,3.6,4.7,18.1,50.8,952.0,537.04,42570.0,0.0
46439,256.0,267.0,296.0,1.2,3.8,5.2,18.2,50.9,952.0,537.04,42570.0,0.0
46499,258.0,272.0,280.0,3.8,4.3,4.9,18.2,51.2,952.0,537.04,42570.0,0.0
46559,242.0,253.0,268.0,1.7,3.2,4.3,18.3,51.7,952.0,537.04,42570.0,0.0
46619,258.0,267.0,277.0,3.4,4.6,5.4,18.3,52.8,951.9,537.04,42570.0,0.0
46679,242.0,250.0,257.0,5.7,6.2,6.9,18.3,51.8,951.8,537.04,42570.0,0.0
46739,229.0,236.0,242.0,4.2,4.7,6.0,18.3,51.0,951.9,537.04,42570.0,0.0
46799,224.0,237.0,264.0,2.4,3.3,4.0,18.2,52.4,952.0,537.04,42570.0,0.0
46859,192.0,245.0,266.0,1.1,2.4,2.9,18.2,52.3,952.0,537.04,42570.0,0.0
46919,239.0,267.0,281.0,2.0,3.4,5.1,18.3,51.1,952.0,537.04,42570.0,0.0
46979,217.0,226.0,237.0,3.2,3.4,3.8,18.3,51.4,952.0,537.04,42570.0,0.0
47039,213.0,229.0,241.0,2.9,3.2,3.6,18.3,51.6,952.0,537.04,42570.0,0.0
47099,7.0,282.0,250.0,0.2,2.1,3.7,18.5,52.3,952.0,537.04,42570.0,0.0
47159,232.0,252.0,272.0,1.1,3.2,5.1,18.6,52.3,952.0,537.04,42570.0,0.0
47219,246.0,262.0,277.0,1.7,3.9,5.0,18.8,51.1,952.0,537.04,42570.0,0.0
47279,249.0,262.0,275.0,2.6,4.7,6.1,18.9,50.2,952.0,537.04,42570.0,0.0
47339,238.0,252.0,259.0,3.1,3.8,4.2,18.8,50.5,952.0,537.04,42570.0,0.0
47399,257.0,268.0,280.0,1.9,2.7,3.4,18.7,50.8,952.1,537.04,42570.0,0.0
47459,262.0,275.0,290.0,2.4,2.9,3.4,18.6,50.7,952.1,537.04,42570.0,0.0
47519,267.0,288.0,305.0,1.8,2.3,2.9,18.5,50.9,952.0,537.04,42570.0,0.0
47579,236.0,243.0,254.0,4.8,5.7,6.5,18.5,51.2,951.9,537.04,42570.0,0.0
47639,252.0,267.0,279.0,1.3,3.7,4.9,18.4,51.6,952.0,537.04,42570.0,0.0
47699,0.0,266.0,243.0,0.4,2.2,3.8,18.4,51.9,952.0,537.04,42570.0,0.0
47759,137.0,232.0,250.0,0.7,1.5,2.4,18.4,52.3,952.0,537.04,42570.0,0.0
47819,234.0,240.0,255.0,5.2,6.2,6.5,18.6,51.5,951.9,537.04,42570.0,0.0
47879,217.0,230.0,250.0,2.0,2.7,3.7,18.7,51.1,952.0,537.04,42570.0,0.0
47939,216.0,244.0,260.0,5.0,6.3,7.9,18.7,52.1,951.9,537.04,42570.0,0.0
47999,208.0,227.0,241.0,1.8,3.4,4.4,18.9,51.5,952.0,537.04,42570.0,0.0
48059,139.0,242.0,261.0,1.6,4.3,5.7,19.0,52.1,952.0,537.04,42570.0,0.0
48119,200.0,236.0,263.0,1.0,2.8,4.9,19.2,49.8,952.0,537.04,42570.0,0.0
48179,234.0,262.0,310.0,0.3,4.0,6.6,19.3,50.3,952.0,537.04,42570.0,0.0
48239,259.0,275.0,290.0,2.8,3.8,5.5,19.1,49.1,952.0,537.04,42570.0,0.0
48299,124.0,256.0,270.0,0.4,3.8,5.5,18.9,51.0,952.0,537.04,42570.0,0.0
48359,245.0,256.0,264.0,4.0,4.8,5.5,18.9,50.3,951.9,537.04,42570.0,0.0
48419,234.0,249.0,259.0,2.4,5.1,6.0,19.0,50.1,951.9,537.04,42570.0,0.0
48479,245.0,256.0,270.0,1.4,3.5,4.5,19.0,50.2,952.0,537.04,42570.0,0.0
48539,206.0,246.0,289.0,0.4,1.7,2.4,19.1,49.1,952.1,537.04,42570.0,0.0
48599,286.0,203.0,323.0,0.1,0.4,1.0,19.1,49.9,952.1,537.04,42570.0,0.0
48659,260.0,265.0,270.0,4.0,4.5,5.2,19.2,48.8,951.9,537.04,42570.0,0.0
48719,224.0,242.0,259.0,2.9,3.9,4.4,19.2,49.9,952.0,537.04,42570.0,0.0
48779,249.0,255.0,258.0,6.0,6.5,7.3,19.3,48.8,951.9,537.04,42570.0,0.0
48839,254.0,262.0,272.0,3.0,4.4,5.2,19.3,48.1,952.0,537.04,42570.0,0.0
48899,237.0,248.0,258.0,3.2,4.3,5.3,19.2,48.8,952.0,537.04,42570.0,0.0
48959,238.0,253.0,274.0,1.5,2.4,3.8,19.0,50.3,952.0,537.04,42570.0,0.0
49019,236.0,249.0,262.0,2.8,3.3,3.8,18.9,49.0,952.0,537.04,42570.0,0.0
49079,215.0,253.0,331.0,0.5,2.6,3.8,18.9,49.3,952.0,537.04,42570.0,0.0
49139,238.0,250.0,262.0,2.6,3.4,4.3,19.0,48.9,952.0,537.04,42570.0,0.0
49199,246.0,261.0,282.0,0.9,1.2,1.6,19.0,49.5,952.0,537.04,42570.0,0.0
49259,277.0,294.0,318.0,0.8,1.5,1.9,19.0,49.6,952.0,537.04,42570.0,0.0
49319,214.0,242.0,313.0,0.8,1.6,2.1,19.1,50.8,952.0,537.04,42570.0,0.0
49379,28.0,250.0,203.0,0.6,3.5,5.0,19.4,51.0,952.0,537.04,42570.0,0.0
49439,210.0,234.0,255.0,1.9,2.5,3.7,19.7,49.5,952.0,537.04,42570.0,0.0
49499,190.0,209.0,231.0,2.4,4.6,5.7,19.9,48.5,952.0,537.04,42570.0,0.0
49559,197.0,210.0,224.0,3.3,4.0,4.9,20.0,46.8,952.0,537.04,42570.0,0.0
49619,234.0,248.0,267.0,1.9,2.6,3.4,19.8,47.1,952.0,537.04,42570.0,0.0
49679,227.0,245.0,256.0,2.8,4.0,5.0,19.7,48.8,951.9,537.04,42570.0,0.0
49739,67.0,313.0,261.0,0.1,0.6,1.8,19.6,47.7,952.0,537.04,42570.0,0.0
49799,248.0,252.0,259.0,4.3,4.8,5.3,19.5,47.3,951.9,537.04,42570.0,0.0
49859,229.0,261.0,285.0,0.8,2.9,4.8,19.4,48.2,951.9,537.04,42570.0,0.0
49919,249.0,265.0,300.0,1.4,4.6,5.7,19.3,49.9,951.9,537.04,42570.0,0.0
49979,221.0,238.0,253.0,2.5,3.5,4.3,19.3,48.3,951.9,537.04,42570.0,0.0
50039,249.0,257.0,266.0,4.1,4.5,5.0,19.3,48.3,951.9,537.04,42570.0,0.0
50099,226.0,255.0,271.0,0.8,2.6,3.5,19.3,48.1,951.9,537.04,42570.0,0.0
50159,276.0,301.0,354.0,0.3,3.0,5.0,19.4,50.0,951.9,537.04,42570.0,0.0
50219,290.0,303.0,315.0,3.2,3.8,4.3,19.5,47.0,951.9,537.04,42570.0,0.0
50279,15.0,329.0,301.0,1.3,2.1,3.3,19.5,47.4,951.9,537.04,42570.0,0.0
50339,40.0,301.0,283.0,0.8,2.8,3.7,19.4,48.5,951.9,537.04,42570.0,0.0
50399,319.0,335.0,347.0,1.3,2.1,2.5,19.4,47.4,951.9,537.04,42570.0,0.0
50459,264.0,271.0,283.0,3.5,4.0,4.7,19.4,48.5,951.8,537.04,42570.0,0.0
50519,184.0,206.0,216.0,1.3,1.6,1.9,19.4,47.6,951.9,537.04,42570.0,0.0
50579,97.0,297.0,260.0,0.1,1.9,3.4,19.4,49.4,951.8,537.04,42570.0,0.0
50639,283.0,293.0,303.0,3.4,3.8,4.7,19.6,48.1,951.8,537.04,42570.0,0.0
50699,298.0,307.0,318.0,4.1,5.1,6.2,19.7,47.8,951.7,537.04,42570.0,0.0
50759,309.0,317.0,329.0,4.2,4.9,5.5,19.7,47.8,951.8,537.04,42570.0,0.0
50819,212.0,248.0,267.0,1.1,1.9,2.5,19.7,47.4,951.9,537.04,42570.0,0.0
50879,16.0,339.0,284.0,1.2,1.7,2.1,19.6,47.4,951.9,537.04,42570.0,0.0
50939,283.0,298.0,322.0,1.7,3.4,4.4,19.6,49.1,951.9,537.04,42570.0,0.0
50999,274.0,283.0,296.0,4.1,4.6,4.9,19.6,47.6,951.8,537.04,42570.0,0.0
51059,271.0,280.0,290.0,2.2,3.4,4.8,19.5,47.9,951.9,537.04,42570.0,0.0
51119,251.0,273.0,315.0,0.4,1.4,2.2,19.4,47.7,951.9,537.04,42570.0,0.0
51179,305.0,318.0,331.0,1.1,2.3,2.7,19.4,48.3,951.8,537.04,42570.0,0.0
51239,14.0,357.0,327.0,0.9,1.2,1.5,19.6,47.7,951.8,537.04,42570.0,0.0
51299,269.0,290.0,310.0,0.9,1.8,2.8,19.7,47.6,951.8,537.04,42570.0,0.0
51359,7.0,352.0,338.0,1.8,3.0,3.6,19.8,47.2,951.8,537.04,42570.0,0.0
51419,315.0,329.0,339.0,2.9,3.4,4.2,19.9,46.6,951.8,537.04,42570.0,0.0
51479,307.0,319.0,339.0,2.4,2.9,3.9,19.9,47.0,951.8,537.05,42570.0,0.0
51539,311.0,318.0,351.0,2.9,3.5,4.1,20.0,48.0,951.8,537.05,42580.0,0.5
51599,303.0,309.0,316.0,3.3,3.8,4.7,20.1,46.5,951.7,537.05,42580.0,0.0
51659,45.0,294.0,280.0,1.0,3.9,5.5,20.2,46.0,951.7,537.05,42580.0,0.0
51719,277.0,284.0,302.0,1.5,3.7,4.8,20.2,46.4,951.7,537.05,42580.0,0.0
51779,286.0,300.0,309.0,1.1,2.9,4.1,20.1,47.3,951.7,537.05,42580.0,0.0
51839,291.0,307.0,317.0,2.1,2.5,2.7,20.2,45.3,951.7,537.05,42580.0,0.0
51899,299.0,303.0,311.0,4.4,4.6,4.8,20.2,45.4,951.6,537.05,42580.0,0.0
51959,307.0,311.0,318.0,2.5,2.9,3.3,20.1,45.8,951.7,537.05,42580.0,0.0
52019,33.0,302.0,169.0,0.4,1.9,3.4,20.0,47.8,951.7,537.05,42580.0,0.0
52079,315.0,333.0,0.0,1.7,3.1,4.2,20.1,46.2,951.7,537.05,42580.0,0.0
52139,302.0,322.0,355.0,0.3,1.2,2.0,20.1,46.1,951.7,537.05,42580.0,0.0
52199,316.0,335.0,351.0,1.9,2.3,2.7,20.2,46.2,951.7,537.05,42580.0,0.0
52259,4.0,334.0,306.0,1.3,1.6,1.9,20.2,45.8,951.7,537.05,42580.0,0.0
52319,290.0,299.0,322.0,2.0,2.6,3.0,20.2,45.6,951.6,537.05,42580.0,0.0
52379,262.0,281.0,298.0,1.2,2.0,2.9,20.3,46.7,951.6,537.05,42580.0,0.0
52439,307.0,318.0,328.0,3.4,3.6,4.0,20.3,45.2,951.6,537.05,42580.0,0.0
52499,292.0,299.0,306.0,2.7,3.0,3.5,20.4,45.0,951.6,537.05,42580.0,0.0
52559,65.0,313.0,180.0,0.1,1.4,3.2,20.4,45.6,951.6,537.05,42580.0,0.0
52619,272.0,293.0,332.0,0.7,2.3,3.1,20.5,46.0,951.6,537.05,42580.0,0.0
52679,262.0,276.0,290.0,1.7,3.4,4.7,20.5,45.2,951.5,537.05,42580.0,0.0
52739,274.0,299.0,344.0,1.0,2.7,4.1,20.5,45.8,951.5,537.05,42580.0,0.0
52799,254.0,269.0,296.0,2.7,4.8,6.5,20.6,45.8,951.4,537.05,42580.0,0.0
52859,268.0,281.0,291.0,4.4,4.9,5.5,20.5,45.5,951.5,537.05,42580.0,0.0
52919,256.0,265.0,273.0,2.5,4.2,5.0,20.5,45.3,951.5,537.05,42580.0,0.0
52979,291.0,309.0,337.0,1.6,3.1,4.0,20.4,45.8,951.5,537.05,42580.0,0.0
53039,256.0,263.0,275.0,3.9,4.6,5.3,20.3,46.2,951.4,537.05,42580.0,0.0
53099,281.0,286.0,290.0,4.6,5.2,5.6,20.4,45.7,951.4,537.05,42580.0,0.0
53159,261.0,271.0,280.0,1.4,4.2,5.4,20.4,45.9,951.4,537.05,42580.0,0.0
53219,272.0,278.0,289.0,3.6,3.9,4.3,20.3,45.7,951.4,537.05,42580.0,0.0
53279,227.0,255.0,274.0,0.6,1.4,2.1,20.3,46.2,951.5,537.05,42580.0,0.0
53339,310.0,320.0,333.0,2.4,2.9,3.5,20.4,46.1,951.5,537.05,42580.0,0.0
53399,264.0,279.0,288.0,2.4,3.6,4.5,20.5,45.9,951.4,537.05,42580.0,0.0
53459,211.0,271.0,284.0,0.5,3.0,3.8,20.5,45.2,951.4,537.05,42580.0,0.0
53519,12.0,303.0,286.0,0.3,2.4,3.1,20.5,46.1,951.4,537.05,42580.0,0.0
53579,247.0,255.0,265.0,3.4,4.9,6.3,20.5,45.2,951.3,537.05,42580.0,0.0
53639,235.0,247.0,264.0,1.0,1.5,2.1,20.6,44.6,951.4,537.05,42580.0,0.0
53699,263.0,272.0,283.0,1.6,2.4,2.8,20.6,44.9,951.4,537.05,42580.0,0.0
53759,259.0,268.0,277.0,3.6,5.5,6.6,20.7,45.2,951.3,537.05,42580.0,0.0
53819,240.0,273.0,299.0,1.1,2.5,4.9,20.8,45.5,951.3,537.05,42580.0,0.0
53879,257.0,278.0,298.0,2.9,4.9,6.0,20.8,44.0,951.2,537.05,42580.0,0.0
53939,277.0,285.0,293.0,5.2,5.8,6.5,20.8,44.6,951.2,537.05,42580.0,0.0
53999,290.0,302.0,308.0,3.2,4.0,4.8,20.7,44.7,951.3,537.05,42580.0,0.0
54059,301.0,310.0,323.0,1.9,2.8,3.6,20.6,45.6,951.3,537.05,42580.0,0.0
54119,291.0,305.0,316.0,2.6,3.0,3.4,20.7,44.6,951.3,537.05,42580.0,0.0
54179,51.0,300.0,264.0,0.5,2.2,3.4,20.8,45.5,951.3,537.05,42580.0,0.0
54239,301.0,314.0,331.0,2.2,2.7,3.1,20.8,44.1,951.3,537.05,42580.0,0.0
54299,72.0,329.0,273.0,0.1,0.8,1.6,20.8,44.9,951.3,537.05,42580.0,0.0
54359,270.0,280.0,293.0,1.5,2.3,3.0,20.9,45.2,951.3,537.05,42580.0,0.0
54419,41.0,329.0,206.0,0.4,1.7,3.3,21.0,45.3,951.3,537.05,42580.0,0.0
54479,322.0,328.0,336.0,1.5,1.8,2.0,21.1,43.1,951.3,537.05,42580.0,0.0
54539,237.0,250.0,260.0,1.6,2.5,3.3,21.1,44.8,951.3,537.05,42580.0,0.0
54599,273.0,292.0,309.0,1.5,3.1,4.2,21.2,43.1,951.3,537.05,42580.0,0.0
54659,33.0,286.0,270.0,1.4,2.9,4.0,21.2,42.9,951.3,537.05,42580.0,0.0
54719,77.0,293.0,151.0,0.1,2.0,4.0,21.2,42.8,951.3,537.05,42580.0,0.0
54779,264.0,269.0,279.0,3.9,4.9,5.5,21.2,43.0,951.3,537.05,42580.0,0.0
54839,267.0,276.0,286.0,2.4,3.4,4.2,21.2,43.3,951.3,537.05,42580.0,0.0
54899,213.0,231.0,251.0,2.0,2.8,3.3,21.2,43.4,951.3,537.05,42580.0,0.0
54959,243.0,255.0,263.0,4.4,5.4,5.9,21.3,43.7,951.3,537.05,42580.0,0.0
55019,275.0,280.0,292.0,3.4,4.2,4.8,21.4,44.2,951.3,537.05,42580.0,0.0
55079,252.0,260.0,272.0,1.6,2.6,3.1,21.3,42.2,951.3,537.05,42580.0,0.0
55139,254.0,260.0,264.0,4.4,5.3,5.8,21.3,44.3,951.3,537.05,42580.0,0.0
55199,261.0,269.0,275.0,2.5,3.0,3.5,21.4,43.2,951.3,537.05,42580.0,0.0
55259,252.0,269.0,282.0,1.7,2.6,3.5,21.3,42.7,951.3,537.05,42580.0,0.0
55319,248.0,261.0,272.0,0.7,3.3,4.4,21.3,46.0,951.3,537.05,42580.0,0.0
55379,175.0,237.0,266.0,1.0,1.8,2.7,21.4,45.2,951.3,537.05,42580.0,0.0
55439,212.0,229.0,248.0,2.1,3.9,4.9,21.6,44.3,951.2,537.05,42580.0,0.0
55499,184.0,205.0,233.0,3.3,4.6,6.0,21.7,44.9,951.2,537.05,42580.0,0.0
55559,200.0,221.0,251.0,2.1,4.2,6.1,21.7,44.6,951.2,537.05,42580.0,0.0
55619,221.0,244.0,257.0,3.7,4.7,6.1,21.6,45.5,951.2,537.05,42580.0,0.0
55679,219.0,232.0,257.0,3.0,4.4,6.1,21.6,45.5,951.3,537.05,42580.0,0.0
55739,225.0,241.0,257.0,3.6,4.5,5.2,21.7,44.3,951.2,537.05,42580.0,0.0
55799,216.0,228.0,242.0,4.5,4.9,5.3,21.6,45.3,951.2,537.05,42580.0,0.0
55859,216.0,243.0,263.0,1.7,2.6,3.0,21.5,44.2,951.3,537.05,42580.0,0.0
55919,160.0,184.0,209.0,1.1,2.4,3.1,21.4,45.8,951.3,537.05,42580.0,0.0
55979,215.0,230.0,242.0,2.3,3.3,3.9,21.4,45.2,951.3,537.05,42580.0,0.0
56039,194.0,213.0,223.0,4.2,4.8,5.6,21.5,44.8,951.3,537.05,42580.0,0.0
56099,223.0,245.0,264.0,3.1,4.6,5.5,21.4,45.7,951.3,537.05,42580.0,0.0
56159,203.0,245.0,262.0,1.3,3.7,4.9,21.4,44.6,951.3,537.05,42580.0,0.0
56219,257.0,271.0,275.0,1.8,2.2,2.5,21.3,43.5,951.4,537.05,42580.0,0.0
56279,236.0,248.0,255.0,4.4,5.1,5.8,21.2,46.3,951.3,537.05,42580.0,0.0
56339,218.0,228.0,240.0,2.8,3.6,4.1,21.1,46.1,951.4,537.05,42580.0,0.0
56399,215.0,228.0,243.0,3.6,4.4,5.3,21.0,46.2,951.3,537.05,42580.0,0.0
56459,204.0,221.0,234.0,1.7,2.9,3.7,21.1,45.4,951.4,537.05,42580.0,0.0
56519,199.0,237.0,254.0,1.8,3.6,5.2,21.1,47.0,951.4,537.05,42580.0,0.0
56579,212.0,221.0,229.0,3.6,4.0,4.5,21.2,45.0,951.4,537.05,42580.0,0.0
56639,203.0,211.0,225.0,3.9,4.3,4.9,21.0,45.9,951.4,537.05,42580.0,0.0
56699,219.0,226.0,235.0,4.1,4.7,5.3,20.9,46.4,951.4,537.05,42580.0,0.0
56759,199.0,213.0,227.0,3.3,4.1,4.7,20.9,45.7,951.4,537.05,42580.0,0.0
56819,202.0,217.0,236.0,1.6,2.0,2.8,20.8,46.9,951.4,537.05,42580.0,0.0
56879,192.0,205.0,217.0,3.1,4.1,4.7,20.7,46.5,951.4,537.05,42580.0,0.0
56939,207.0,214.0,226.0,4.5,5.2,5.7,20.7,45.7,951.4,537.05,42580.0,0.0
56999,190.0,201.0,208.0,3.2,3.8,4.2,20.6,45.7,951.4,537.05,42580.0,0.0
57059,215.0,228.0,237.0,3.0,4.0,4.5,20.6,46.0,951.4,537.05,42580.0,0.0
57119,136.0,233.0,340.0,0.6,2.4,4.0,20.6,46.9,951.4,537.05,42580.0,0.0
57179,218.0,227.0,239.0,2.2,2.8,4.1,20.7,46.2,951.4,537.05,42580.0,0.0
57239,222.0,235.0,251.0,3.3,4.0,5.0,20.8,47.4,951.4,537.05,42580.0,0.0
57299,216.0,229.0,240.0,3.7,4.1,4.9,20.9,46.9,951.3,537.05,42580.0,0.0
57359,197.0,220.0,258.0,1.8,3.1,3.9,20.9,45.8,951.4,537.05,42580.0,0.0
57419,212.0,230.0,251.0,3.0,3.8,4.4,20.9,47.8,951.4,537.05,42580.0,0.0
57479,208.0,221.0,242.0,3.6,4.4,4.9,21.0,45.2,951.4,537.05,42580.0,0.0
57539,190.0,201.0,215.0,3.0,3.4,4.2,20.9,45.6,951.5,537.05,42580.0,0.0
57599,208.0,224.0,249.0,1.7,2.0,2.4,20.7,46.3,951.5,537.05,42580.0,0.0
57659,126.0,216.0,251.0,0.6,1.4,2.0,20.7,46.7,951.5,537.05,42580.0,0.0
57719,234.0,241.0,254.0,2.6,3.2,3.7,20.8,47.0,951.4,537.05,42580.0,0.0
57779,233.0,252.0,268.0,1.3,2.8,4.0,20.9,46.8,951.4,537.05,42580.0,0.0
57839,245.0,269.0,294.0,0.8,2.4,3.2,21.0,46.5,951.4,537.05,42580.0,0.0
57899,147.0,236.0,269.0,0.3,2.1,3.1,21.1,46.3,951.4,537.05,42580.0,0.0
57959,233.0,243.0,253.0,4.6,5.0,5.5,21.1,45.0,951.3,537.05,42580.0,0.0
58019,239.0,249.0,254.0,3.5,4.1,5.0,20.9,45.7,951.4,537.05,42580.0,0.0
58079,225.0,243.0,252.0,2.5,3.7,4.5,20.7,47.2,951.4,537.05,42580.0,0.0
58139,251.0,261.0,270.0,3.1,4.7,5.7,20.6,46.5,951.4,537.05,42580.0,0.0
58199,251.0,265.0,281.0,1.5,3.0,3.7,20.5,46.3,951.4,537.05,42580.0,0.0
58259,244.0,249.0,258.0,2.2,2.8,3.4,20.4,46.6,951.5,537.05,42580.0,0.0
58319,243.0,252.0,267.0,3.5,3.9,4.5,20.3,47.1,951.4,537.05,42580.0,0.0
58379,224.0,238.0,256.0,1.8,2.5,3.2,20.3,46.5,951.5,537.05,42580.0,0.0
58439,261.0,268.0,273.0,3.0,3.2,3.5,20.3,47.2,951.5,537.05,42580.0,0.0
58499,261.0,280.0,311.0,0.8,2.5,3.7,20.2,46.9,951.4,537.05,42580.0,0.0
58559,244.0,255.0,273.0,2.4,3.1,3.8,20.2,47.5,951.4,537.05,42580.0,0.0
58619,235.0,255.0,265.0,3.3,3.8,4.3,20.2,47.4,951.4,537.05,42580.0,0.0
58679,251.0,258.0,264.0,3.8,4.4,5.5,20.3,47.0,951.4,537.05,42580.0,0.0
58739,253.0,265.0,284.0,1.5,4.1,5.4,20.3,47.5,951.4,537.05,42580.0,0.0
58799,263.0,281.0,305.0,1.0,2.0,2.9,20.3,46.8,951.4,537.05,42580.0,0.0
58859,135.0,237.0,258.0,1.2,2.8,3.4,20.3,48.3,951.4,537.05,42580.0,0.0
58919,236.0,253.0,265.0,2.8,4.0,4.8,20.4,47.6,951.4,537.05,42580.0,0.0
58979,185.0,247.0,294.0,0.4,2.4,4.4,20.5,46.9,951.4,537.05,42580.0,0.0
59039,221.0,229.0,238.0,4.0,4.4,4.9,20.6,46.3,951.4,537.05,42580.0,0.0
59099,255.0,261.0,269.0,3.5,4.4,5.3,20.6,46.0,951.4,537.05,42580.0,0.0
59159,235.0,248.0,256.0,2.6,3.0,3.5,20.4,46.4,951.5,537.05,42580.0,0.0
59219,262.0,275.0,289.0,2.6,2.9,3.2,20.3,46.4,951.4,537.05,42580.0,0.0
59279,145.0,259.0,318.0,0.2,1.2,2.2,20.2,46.5,951.5,537.05,42580.0,0.0
59339,279.0,302.0,327.0,0.7,2.4,3.1,20.2,46.5,951.5,537.05,42580.0,0.0
59399,251.0,261.0,273.0,1.3,1.9,2.6,20.1,46.3,951.5,537.05,42580.0,0.0
59459,263.0,276.0,294.0,1.4,3.3,4.3,20.1,46.6,951.4,537.05,42580.0,0.0
59519,258.0,279.0,291.0,1.8,2.8,3.2,20.1,46.5,951.4,537.05,42580.0,0.0
59579,230.0,248.0,261.0,2.7,3.6,4.2,20.1,46.8,951.4,537.05,42580.0,0.0
59639,261.0,271.0,279.0,3.0,3.4,3.8,20.1,46.3,951.4,537.05,42580.0,0.0
59699,254.0,276.0,284.0,1.6,3.0,3.7,20.1,46.3,951.4,537.05,42580.0,0.0
59759,247.0,267.0,276.0,1.9,2.7,3.7,20.1,47.0,951.4,537.05,42580.0,0.0
59819,226.0,241.0,260.0,1.5,2.0,2.3,20.0,46.0,951.4,537.05,42580.0,0.0
59879,239.0,269.0,289.0,0.9,3.0,4.6,19.9,47.3,951.4,537.05,42580.0,0.0
59939,187.0,273.0,358.0,0.3,1.9,3.3,20.0,48.2,951.4,537.05,42580.0,0.0
59999,245.0,250.0,260.0,2.9,3.4,3.7,20.1,46.7,951.4,537.05,42580.0,0.0
60059,224.0,232.0,239.0,2.4,2.6,2.8,20.1,45.8,951.4,537.05,42580.0,0.0
60119,217.0,235.0,246.0,2.8,3.3,3.8,20.0,46.2,951.4,537.05,42580.0,0.0
60179,240.0,271.0,280.0,1.4,2.4,3.2,20.0,47.1,951.4,537.05,42580.0,0.0
60239,249.0,275.0,341.0,0.3,1.6,3.3,20.0,46.5,951.4,537.05,42580.0,0.0
60299,257.0,263.0,272.0,2.7,3.1,3.6,20.0,46.3,951.4,537.05,42580.0,0.0
60359,253.0,265.0,277.0,1.8,3.1,4.4,19.9,46.8,951.4,537.05,42580.0,0.0
60419,233.0,243.0,253.0,2.7,3.3,4.0,20.0,46.2,951.4,537.05,42580.0,0.0
60479,247.0,252.0,256.0,2.2,2.4,2.7,19.9,46.3,951.4,537.05,42580.0,0.0
60539,230.0,247.0,267.0,1.6,2.0,2.5,19.9,46.5,951.4,537.05,42580.0,0.0
60599,149.0,238.0,252.0,1.1,2.6,3.2,19.9,46.5,951.4,537.05,42580.0,0.0
60659,235.0,239.0,244.0,3.0,3.5,4.1,19.9,46.5,951.4,537.05,42580.0,0.0
60719,254.0,272.0,286.0,1.0,2.3,3.0,19.9,46.5,951.4,537.05,42580.0,0.0
60779,252.0,269.0,281.0,2.4,2.7,3.0,20.0,46.4,951.4,537.05,42580.0,0.0
60839,218.0,228.0,236.0,1.9,2.0,2.4,20.0,46.2,951.4,537.05,42580.0,0.0
60899,294.0,300.0,307.0,2.6,3.0,3.3,20.0,46.5,951.4,537.05,42580.0,0.0
60959,256.0,262.0,279.0,1.6,2.5,3.3,20.1,46.7,951.4,537.05,42580.0,0.0
61019,253.0,261.0,271.0,2.1,2.9,3.5,20.1,46.2,951.4,537.05,42580.0,0.0
61079,245.0,262.0,282.0,1.3,1.7,2.1,20.1,45.8,951.5,537.05,42580.0,0.0
61139,114.0,244.0,273.0,0.2,2.2,3.4,20.1,46.3,951.5,537.08,42580.0,0.0
61199,261.0,269.0,278.0,1.4,3.0,4.4,20.1,45.6,951.4,537.08,42590.0,1.6
61259,253.0,266.0,275.0,2.3,2.9,3.4,20.1,45.1,951.4,537.08,42590.0,0.0
61319,212.0,220.0,233.0,1.4,1.6,2.1,20.0,45.5,951.5,537.08,42590.0,0.0
61379,257.0,260.0,269.0,1.8,2.6,3.0,20.0,46.5,951.4,537.08,42590.0,0.0
61439,292.0,296.0,304.0,3.0,3.4,3.9,20.0,45.3,951.4,537.08,42590.0,0.0
61499,187.0,283.0,323.0,0.2,1.5,2.4,19.9,46.3,951.4,537.08,42590.0,0.0
61559,235.0,245.0,260.0,3.4,4.1,4.6,20.0,45.4,951.4,537.08,42590.0,0.0
61619,255.0,271.0,342.0,0.5,2.5,3.6,20.0,45.7,951.4,537.08,42590.0,0.0
61679,244.0,258.0,270.0,2.6,3.1,3.9,19.9,45.4,951.4,537.08,42590.0,0.0
61739,46.0,315.0,242.0,0.3,0.7,1.6,19.9,46.6,951.4,537.08,42600.0,0.0
61799,320.0,327.0,336.0,2.4,2.7,3.0,20.0,45.6,951.4,537.08,42600.0,0.0
61859,109.0,352.0,307.0,0.1,0.8,1.7,20.0,46.4,951.4,537.08,42600.0,0.0
61919,289.0,309.0,326.0,1.2,1.7,2.1,20.1,45.9,951.4,537.08,42600.0,0.0
61979,278.0,287.0,297.0,2.3,2.8,3.1,20.1,45.8,951.4,537.08,42600.0,0.0
62039,306.0,316.0,326.0,1.9,2.1,2.4,20.2,46.0,951.4,537.08,42600.0,0.0
62099,278.0,293.0,304.0,2.0,2.7,3.2,20.3,46.3,951.4,537.08,42600.0,0.0
62159,263.0,277.0,288.0,1.7,2.8,3.4,20.3,45.0,951.4,537.08,42600.0,0.0
62219,263.0,270.0,275.0,2.1,3.2,3.6,20.3,44.2,951.4,537.08,42600.0,0.0
62279,245.0,253.0,260.0,2.9,3.2,3.5,20.2,44.5,951.4,537.08,42600.0,0.0
62339,251.0,261.0,268.0,2.0,3.2,3.8,20.1,44.8,951.4,537.08,42600.0,0.0
62399,267.0,289.0,304.0,1.0,3.4,4.2,20.0,45.2,951.4,537.08,42600.0,0.0
62459,275.0,281.0,288.0,2.0,2.6,3.0,20.0,44.9,951.4,537.08,42600.0,0.0
62519,234.0,254.0,273.0,0.6,2.2,3.3,20.0,45.9,951.4,537.08,42600.0,0.0
62579,252.0,264.0,277.0,2.1,2.8,3.3,19.9,45.1,951.4,537.08,42600.0,0.0
62639,276.0,294.0,314.0,0.5,1.9,2.8,19.9,46.7,951.4,537.08,42600.0,0.0
62699,296.0,303.0,322.0,2.3,2.7,3.3,20.1,45.7,951.5,537.08,42600.0,0.0
62759,273.0,296.0,308.0,2.0,2.8,3.3,20.2,44.7,951.4,537.08,42600.0,0.0
62819,260.0,270.0,279.0,1.7,3.6,4.8,20.2,44.4,951.4,537.08,42600.0,0.0
62879,272.0,277.0,284.0,3.3,3.6,3.9,20.2,44.3,951.4,537.08,42600.0,0.0
62939,284.0,293.0,301.0,3.0,3.5,4.1,20.1,44.9,951.5,537.08,42600.0,0.0
62999,232.0,281.0,308.0,0.2,3.1,4.2,20.0,46.4,951.5,537.08,42600.0,0.0
63059,28.0,318.0,301.0,0.3,1.6,2.4,20.1,46.0,951.5,537.08,42600.0,0.0
63119,279.0,304.0,345.0,0.8,1.3,1.6,20.2,45.5,951.5,537.08,42600.0,0.0
63179,263.0,270.0,275.0,1.7,2.8,3.3,20.2,44.7,951.5,537.08,42600.0,0.0
63239,278.0,304.0,346.0,0.8,2.2,2.8,20.2,44.8,951.5,537.08,42600.0,0.0
63299,265.0,291.0,302.0,1.5,2.6,2.8,20.2,44.9,951.5,537.08,42600.0,0.0
63359,240.0,261.0,267.0,0.9,3.1,4.2,20.2,45.6,951.4,537.08,42600.0,0.0
63419,264.0,273.0,280.0,2.6,3.2,4.2,20.2,44.6,951.5,537.08,42600.0,0.0
63479,265.0,278.0,287.0,2.7,3.5,4.9,20.1,44.9,951.5,537.08,42600.0,0.0
63539,267.0,281.0,294.0,2.5,3.1,3.7,20.0,44.9,951.5,537.08,42600.0,0.0
63599,265.0,278.0,289.0,2.4,3.0,3.8,20.0,45.5,951.5,537.08,42600.0,0.0
63659,253.0,265.0,274.0,1.3,3.4,4.3,20.0,45.7,951.5,537.08,42600.0,0.0
63719,239.0,248.0,253.0,3.2,3.6,3.9,19.9,45.9,951.5,537.08,42600.0,0.0
63779,234.0,247.0,266.0,1.5,2.4,3.6,19.9,45.4,951.6,537.08,42600.0,0.0
63839,236.0,261.0,270.0,0.6,2.2,3.2,19.9,46.7,951.5,537.08,42600.0,0.0
63899,241.0,245.0,248.0,3.2,3.4,3.9,19.9,45.4,951.5,537.08,42600.0,0.0
63959,201.0,249.0,269.0,0.4,1.8,3.2,19.8,46.8,951.5,537.08,42600.0,0.0
64019,224.0,246.0,254.0,0.9,2.0,2.5,19.8,46.2,951.6,537.08,42600.0,0.0
64079,205.0,272.0,356.0,0.1,0.8,2.0,19.8,46.3,951.6,537.08,42600.0,0.0
64139,247.0,259.0,273.0,2.5,3.5,4.0,19.7,46.5,951.6,537.08,42600.0,0.0
64199,247.0,265.0,278.0,1.9,2.3,2.8,19.7,46.5,951.6,537.08,42600.0,0.0
64259,225.0,239.0,251.0,1.4,1.7,2.0,19.6,46.6,951.6,537.08,42600.0,0.0
64319,220.0,234.0,254.0,2.0,2.4,3.1,19.6,48.3,951.7,537.08,42600.0,0.0
64379,222.0,230.0,241.0,1.3,1.9,2.3,19.6,47.5,951.7,537.08,42600.0,0.0
64439,252.0,261.0,271.0,1.7,2.1,2.3,19.6,46.9,951.7,537.08,42600.0,0.0
64499,246.0,258.0,273.0,1.0,2.7,3.2,19.5,47.8,951.7,537.08,42600.0,0.0
64559,243.0,253.0,264.0,2.0,2.5,2.9,19.5,47.7,951.7,537.08,42600.0,0.0
64619,238.0,251.0,267.0,1.1,2.7,3.4,19.4,48.1,951.7,537.08,42600.0,0.0
64679,260.0,270.0,278.0,2.0,3.2,4.2,19.4,47.3,951.7,537.08,42600.0,0.0
64739,255.0,262.0,267.0,3.0,3.3,3.9,19.3,47.8,951.7,537.08,42600.0,0.0
64799,251.0,258.0,264.0,3.0,3.4,3.7,19.2,47.8,951.7,537.08,42600.0,0.0
64859,245.0,255.0,268.0,2.1,2.5,3.0,19.1,48.3,951.7,537.08,42600.0,0.0
64919,244.0,255.0,266.0,1.0,2.6,3.0,19.1,48.4,951.7,537.08,42600.0,0.0
64979,244.0,248.0,255.0,2.3,2.5,2.7,19.0,49.0,951.8,537.08,42600.0,0.0
65039,248.0,259.0,268.0,1.7,2.2,2.6,19.0,48.5,951.7,537.08,42600.0,0.0
65099,256.0,261.0,268.0,1.6,1.9,2.4,19.0,48.3,951.8,537.08,42600.0,0.0
65159,239.0,250.0,260.0,1.1,2.8,3.3,19.0,49.6,951.8,537.08,42600.0,0.0
65219,237.0,245.0,257.0,1.2,1.9,2.2,19.0,49.2,951.8,537.08,42600.0,0.0
65279,252.0,266.0,276.0,0.9,2.5,2.9,19.0,49.0,951.8,537.08,42600.0,0.0
65339,220.0,242.0,264.0,1.7,2.3,2.8,18.9,49.0,951.8,537.08,42600.0,0.0
65399,242.0,257.0,270.0,1.7,2.7,3.1,18.9,49.0,951.8,537.08,42600.0,0.0
65459,222.0,239.0,256.0,2.4,3.1,3.7,18.9,48.9,951.8,537.08,42600.0,0.0
65519,212.0,219.0,228.0,2.1,2.7,3.2,18.8,48.9,951.8,537.08,42600.0,0.0
65579,205.0,223.0,240.0,1.5,1.8,2.2,18.7,49.2,951.8,537.08,42600.0,0.0
65639,213.0,225.0,235.0,1.5,1.9,2.4,18.6,49.6,951.8,537.08,42600.0,0.0
65699,139.0,242.0,266.0,0.4,1.2,2.5,18.6,49.8,951.9,537.08,42600.0,0.0
65759,227.0,241.0,257.0,1.4,2.0,2.6,18.5,50.5,951.9,537.08,42600.0,0.0
65819,215.0,225.0,240.0,2.1,2.4,2.8,18.5,50.4,951.9,537.08,42600.0,0.0
65879,199.0,214.0,231.0,1.9,2.1,2.4,18.5,49.8,951.9,537.08,42600.0,0.0
65939,203.0,212.0,226.0,1.5,1.9,2.1,18.3,50.1,951.9,537.08,42600.0,0.0
65999,215.0,232.0,245.0,1.8,2.0,2.4,18.3,50.4,951.9,537.08,42600.0,0.0
66059,227.0,231.0,234.0,2.2,2.4,2.5,18.2,50.4,951.9,537.08,42600.0,0.0
66119,231.0,238.0,243.0,1.9,2.1,2.4,18.1,50.8,951.9,537.08,42600.0,0.0
66179,243.0,257.0,265.0,1.7,2.1,2.3,18.0,51.2,951.9,537.08,42600.0,0.0
66239,240.0,251.0,259.0,1.5,1.6,1.8,18.0,51.2,951.9,537.08,42600.0,0.0
66299,238.0,245.0,250.0,1.9,2.3,2.8,18.0,51.3,951.9,537.08,42600.0,0.0
66359,218.0,225.0,231.0,1.4,1.5,1.7,17.9,51.3,952.0,537.08,42600.0,0.0
66419,213.0,218.0,234.0,1.6,1.8,2.0,17.9,51.5,952.0,537.08,42600.0,0.0
66479,205.0,209.0,212.0,2.3,2.4,2.6,17.8,51.6,952.0,537.08,42600.0,0.0
66539,197.0,212.0,221.0,1.4,1.8,2.2,17.7,51.8,952.0,537.08,42600.0,0.0
66599,213.0,215.0,219.0,1.7,1.8,1.9,17.6,52.1,952.0,537.08,42600.0,0.0
66659,216.0,222.0,227.0,1.2,1.3,1.4,17.6,52.4,952.0,537.08,42600.0,0.0
66719,239.0,246.0,258.0,0.7,0.8,0.9,17.5,52.2,952.0,537.08,42600.0,0.0
66779,232.0,256.0,265.0,0.5,0.8,1.1,17.5,52.3,952.1,537.08,42600.0,0.0
66839,232.0,254.0,261.0,1.0,1.1,1.2,17.5,52.3,952.1,537.08,42600.0,0.0
66899,236.0,241.0,244.0,1.4,1.5,1.5,17.6,51.6,952.0,537.08,42600.0,0.0
66959,235.0,244.0,250.0,1.2,1.4,1.7,17.6,52.6,952.1,537.08,42600.0,0.0
67019,243.0,248.0,254.0,1.1,1.3,1.4,17.6,52.2,952.1,537.08,42600.0,0.0
67079,243.0,248.0,258.0,1.2,1.4,1.5,17.6,52.6,952.1,537.08,42600.0,0.0
67139,228.0,242.0,251.0,1.2,1.5,1.7,17.6,53.0,952.1,537.08,42600.0,0.0
67199,207.0,214.0,223.0,1.2,1.2,1.3,17.5,53.2,952.1,537.08,42600.0,0.0
67259,195.0,200.0,207.0,1.1,1.2,1.4,17.5,52.8,952.1,537.08,42600.0,0.0
67319,203.0,209.0,215.0,0.7,0.8,0.9,17.5,52.7,952.2,537.08,42600.0,0.0
67379,219.0,220.0,223.0,0.9,0.9,1.0,17.4,52.1,952.2,537.08,42600.0,0.0
67439,268.0,281.0,295.0,0.6,0.8,0.9,17.4,52.0,952.2,537.08,42600.0,0.0
67499,146.0,297.0,212.0,0.0,0.1,0.1,17.4,51.8,952.2,537.08,42600.0,0.0
67559,165.0,206.0,209.0,0.1,0.2,0.2,17.5,52.2,952.2,537.08,42600.0,0.0
67619,116.0,140.0,221.0,0.0,0.1,0.1,17.5,51.8,952.2,537.08,42600.0,0.0
67679,36.0,334.0,324.0,0.1,0.1,0.1,17.5,51.8,952.2,537.08,42600.0,0.0
67739,236.0,254.0,271.0,0.3,0.4,0.5,17.5,51.9,952.2,537.08,42600.0,0.0
67799,280.0,285.0,290.0,0.9,1.0,1.1,17.5,52.4,952.2,537.08,42600.0,0.0
67859,270.0,274.0,282.0,0.8,0.8,0.8,17.5,51.4,952.3,537.08,42600.0,0.0
67919,262.0,271.0,289.0,0.6,0.7,0.8,17.5,51.7,952.3,537.08,42600.0,0.0
67979,207.0,237.0,274.0,0.0,0.2,0.4,17.5,52.1,952.3,537.08,42600.0,0.0
68039,249.0,257.0,260.0,0.4,0.4,0.5,17.5,51.8,952.3,537.08,42600.0,0.0
68099,259.0,277.0,294.0,0.5,0.6,0.7,17.5,52.6,952.3,537.08,42600.0,0.0
68159,271.0,272.0,280.0,0.6,0.6,0.6,17.5,52.6,952.3,537.08,42600.0,0.0
68219,294.0,296.0,298.0,0.4,0.4,0.4,17.5,52.5,952.3,537.08,42600.0,0.0
68279,297.0,302.0,306.0,0.3,0.3,0.4,17.4,52.3,952.3,537.08,42600.0,0.0
68339,324.0,329.0,330.0,0.2,0.3,0.4,17.4,52.4,952.3,537.08,42600.0,0.0
68399,337.0,339.0,345.0,0.5,0.6,0.6,17.4,52.0,952.3,537.08,42600.0,0.0
68459,351.0,353.0,356.0,0.9,0.9,1.0,17.3,52.6,952.3,537.08,42600.0,0.0
68519,12.0,16.0,23.0,1.3,1.3,1.4,17.3,53.7,952.4,537.08,42600.0,0.0
68579,9.0,13.0,20.0,0.9,1.0,1.2,17.2,54.3,952.4,537.08,42600.0,0.0
68639,23.0,26.0,30.0,0.8,0.9,1.0,17.1,54.7,952.4,537.08,42600.0,0.0
68699,24.0,32.0,38.0,0.7,0.8,0.8,17.0,54.9,952.4,537.08,42600.0,0.0
68759,37.0,40.0,43.0,0.8,0.8,0.9,17.0,55.3,952.3,537.08,42600.0,0.0
68819,20.0,28.0,38.0,0.7,0.8,0.9,16.9,55.2,952.4,537.08,42600.0,0.0
68879,11.0,20.0,26.0,0.8,0.9,1.0,16.8,55.0,952.4,537.08,42600.0,0.0
68939,7.0,15.0,20.0,0.8,1.0,1.1,16.8,55.5,952.4,537.08,42600.0,0.0
68999,7.0,17.0,22.0,1.1,1.2,1.2,16.8,55.6,952.4,537.08,42600.0,0.0
69059,30.0,8.0,349.0,0.6,0.9,1.1,16.7,55.7,952.4,537.08,42600.0,0.0
69119,14.0,6.0,358.0,0.6,0.8,1.1,16.7,55.4,952.4,537.08,42600.0,0.0
69179,28.0,31.0,39.0,0.8,0.9,1.1,16.7,55.8,952.4,537.08,42600.0,0.0
69239,19.0,26.0,31.0,0.9,1.0,1.1,16.6,55.9,952.4,537.08,42600.0,0.0
69299,3.0,8.0,13.0,0.9,1.0,1.0,16.6,55.9,952.4,537.08,42600.0,0.0
69359,7.0,354.0,349.0,0.8,0.9,0.9,16.6,55.8,952.4,537.08,42600.0,0.0
69419,330.0,345.0,357.0,0.8,1.1,1.2,16.5,55.9,952.4,537.08,42600.0,0.0
69479,325.0,329.0,338.0,1.0,1.1,1.1,16.5,55.9,952.4,537.08,42600.0,0.0
69539,339.0,342.0,349.0,1.3,1.4,1.4,16.5,55.8,952.4,537.08,42600.0,0.0
69599,347.0,349.0,350.0,1.2,1.3,1.3,16.5,55.5,952.5,537.08,42600.0,0.0
69659,7.0,1.0,356.0,0.9,1.1,1.2,16.5,55.7,952.5,537.08,42600.0,0.0
69719,6.0,8.0,10.0,1.2,1.2,1.3,16.5,55.4,952.5,537.08,42600.0,0.0
69779,13.0,15.0,17.0,1.5,1.5,1.6,16.5,55.7,952.5,537.08,42600.0,0.0
69839,4.0,2.0,0.0,1.4,1.5,1.6,16.4,55.6,952.5,537.08,42600.0,0.0
69899,338.0,342.0,347.0,1.6,1.6,1.7,16.4,55.0,952.5,537.08,42600.0,0.0
69959,342.0,344.0,345.0,1.7,1.8,1.9,16.4,54.6,952.5,537.08,42600.0,0.0
70019,348.0,349.0,350.0,1.9,2.0,2.0,16.5,54.5,952.5,537.08,42600.0,0.0
70079,348.0,350.0,351.0,1.9,2.0,2.1,16.5,54.4,952.5,537.08,42600.0,0.0
70139,349.0,351.0,353.0,2.0,2.0,2.1,16.5,54.2,952.5,537.08,42600.0,0.0
70199,1.0,0.0,0.0,2.0,2.0,2.0,16.6,54.4,952.5,537.08,42600.0,0.0
70259,3.0,3.0,3.0,1.9,1.9,1.9,16.5,54.5,952.5,537.08,42600.0,0.0
70319,4.0,5.0,7.0,2.0,2.0,2.1,16.5,54.7,952.5,537.08,42600.0,0.0
70379,1.0,0.0,0.0,1.7,1.7,1.8,16.5,54.6,952.5,537.08,42600.0,0.0
70439,353.0,355.0,356.0,1.6,1.6,1.7,16.5,54.4,952.5,537.08,42600.0,0.0
70499,3.0,2.0,0.0,1.6,1.6,1.7,16.5,54.2,952.5,537.08,42600.0,0.0
70559,4.0,5.0,5.0,2.2,2.3,2.3,16.5,54.3,952.5,537.08,42600.0,0.0
70619,4.0,6.0,7.0,2.5,2.5,2.6,16.6,54.1,952.5,537.08,42600.0,0.0
70679,352.0,354.0,355.0,2.5,2.6,2.7,16.6,54.1,952.5,537.08,42600.0,0.0
70739,333.0,335.0,336.0,2.7,2.7,2.7,16.6,54.1,952.5,537.08,42600.0,0.0
70799,333.0,335.0,337.0,2.6,2.7,2.7,16.6,54.1,952.5,537.08,42600.0,0.0
70859,352.0,354.0,356.0,2.1,2.2,2.3,16.6,54.1,952.5,537.08,42600.0,0.0
70919,356.0,357.0,358.0,2.1,2.2,2.2,16.6,54.0,952.6,537.08,42600.0,0.0
70979,345.0,346.0,346.0,2.3,2.4,2.4,16.6,54.1,952.6,537.08,42600.0,0.0
71039,5.0,6.0,9.0,3.1,3.1,3.2,16.7,53.8,952.6,537.08,42600.0,0.0
71099,1.0,0.0,358.0,2.3,2.4,2.5,16.7,53.9,952.6,537.08,42600.0,0.0
71159,345.0,346.0,348.0,2.0,2.0,2.1,16.6,54.0,952.5,537.08,42600.0,0.0
71219,336.0,338.0,343.0,2.2,2.3,2.4,16.6,55.2,952.6,537.08,42600.0,0.0
71279,343.0,347.0,351.0,2.0,2.1,2.2,16.7,55.1,952.6,537.08,42600.0,0.0
71339,331.0,333.0,335.0,1.8,1.9,2.0,16.7,55.1,952.6,537.08,42600.0,0.0
71399,331.0,335.0,340.0,1.5,1.5,1.7,16.8,54.8,952.6,537.08,42600.0,0.0
71459,323.0,326.0,328.0,1.6,1.6,1.7,16.8,54.0,952.6,537.08,42600.0,0.0
71519,329.0,331.0,333.0,2.2,2.3,2.3,16.7,53.8,952.6,537.08,42600.0,0.0
71579,345.0,348.0,351.0,2.3,2.3,2.4,16.7,53.8,952.6,537.08,42600.0,0.0
71639,7.0,8.0,8.0,2.3,2.3,2.3,16.7,53.9,952.6,537.08,42600.0,0.0
71699,3.0,4.0,5.0,1.6,1.6,1.6,16.6,53.8,952.6,537.08,42600.0,0.0
71759,348.0,351.0,352.0,1.3,1.3,1.4,16.6,53.9,952.6,537.08,42600.0,0.0
71819,28.0,36.0,40.0,0.5,0.6,0.6,16.5,54.2,952.6,537.08,42600.0,0.0
71879,34.0,37.0,40.0,1.5,1.5,1.6,16.5,54.3,952.6,537.08,42600.0,0.0
71939,312.0,317.0,322.0,1.0,1.1,1.1,16.5,54.8,952.6,537.08,42600.0,0.0
71999,317.0,321.0,325.0,1.4,1.5,1.6,16.5,55.8,952.7,537.08,42600.0,0.0
72059,344.0,345.0,346.0,1.8,1.9,2.0,16.5,55.2,952.7,537.08,42600.0,0.0
72119,333.0,339.0,343.0,2.2,2.3,2.4,16.5,55.2,952.7,537.08,42600.0,0.0
72179,313.0,320.0,325.0,1.8,1.9,2.1,16.5,55.6,952.7,537.08,42600.0,0.0
72239,281.0,285.0,289.0,1.3,1.4,1.5,16.5,55.2,952.7,537.08,42600.0,0.0
72299,291.0,305.0,312.0,0.5,0.6,0.7,16.5,55.8,952.7,537.08,42600.0,0.0
72359,321.0,325.0,328.0,1.4,1.5,1.6,16.5,55.7,952.8,537.08,42600.0,0.0
72419,307.0,308.0,309.0,2.2,2.2,2.3,16.5,54.8,952.8,537.08,42600.0,0.0
72479,308.0,309.0,311.0,1.3,1.4,1.6,16.5,54.6,952.8,537.08,42600.0,0.0
72539,286.0,293.0,303.0,0.5,0.6,0.7,16.4,54.7,952.8,537.08,42600.0,0.0
72599,256.0,258.0,260.0,1.1,1.2,1.3,16.4,54.9,952.8,537.08,42600.0,0.0
72659,275.0,277.0,279.0,2.3,2.4,2.4,16.4,55.2,952.8,537.08,42600.0,0.0
72719,280.0,281.0,285.0,2.5,2.5,2.6,16.3,55.6,952.8,537.08,42600.0,0.0
72779,314.0,320.0,324.0,1.5,1.6,1.7,16.3,56.2,952.9,537.08,42600.0,0.0
72839,5.0,358.0,356.0,0.5,0.7,0.8,16.2,56.7,953.0,537.08,42600.0,0.0
72899,153.0,82.0,313.0,0.0,0.1,0.2,16.1,56.9,953.0,537.08,42600.0,0.0
72959,245.0,262.0,270.0,0.6,0.8,0.9,16.1,56.5,953.0,537.08,42600.0,0.0
73019,292.0,295.0,299.0,1.6,1.7,1.8,16.0,56.3,953.0,537.08,42600.0,0.0
73079,283.0,284.0,286.0,2.2,2.3,2.4,16.0,56.0,953.0,537.08,42600.0,0.0
73139,301.0,304.0,308.0,1.3,1.3,1.4,16.0,57.2,953.0,537.08,42600.0,0.0
73199,298.0,302.0,306.0,1.4,1.5,1.5,16.0,56.5,953.0,537.08,42600.0,0.0
73259,277.0,279.0,280.0,1.3,1.4,1.5,16.0,56.2,953.0,537.08,42600.0,0.0
73319,283.0,285.0,289.0,1.7,1.9,2.0,16.0,56.4,953.0,537.08,42600.0,0.0
73379,242.0,247.0,252.0,0.9,1.0,1.1,16.1,56.2,953.1,537.08,42600.0,0.0
73439,9.0,4.0,0.0,0.9,1.1,1.3,16.1,56.3,953.2,537.08,42600.0,0.0
73499,324.0,330.0,334.0,1.1,1.1,1.2,16.1,56.2,953.2,537.08,42600.0,0.0
73559,218.0,234.0,251.0,0.5,0.5,0.6,16.1,56.1,953.2,537.08,42600.0,0.0
73619,201.0,208.0,215.0,0.8,0.9,1.0,16.1,56.3,953.1,537.08,42600.0,0.0
73679,294.0,315.0,334.0,0.5,0.9,1.3,16.1,56.3,953.2,537.08,42600.0,0.0
73739,311.0,315.0,319.0,1.8,2.0,2.1,16.0,56.6,953.2,537.08,42600.0,0.0
73799,300.0,310.0,315.0,1.3,1.4,1.5,16.0,56.5,953.3,537.08,42600.0,0.0
73859,316.0,330.0,342.0,0.5,0.6,0.7,16.0,56.7,953.3,537.08,42600.0,0.0
73919,344.0,348.0,355.0,0.7,0.9,1.1,16.0,56.9,953.3,537.08,42600.0,0.0
73979,313.0,326.0,337.0,1.4,1.7,2.0,16.0,57.2,953.3,537.08,42600.0,0.0
74039,280.0,287.0,298.0,1.4,1.5,1.6,15.9,57.6,953.3,537.08,42600.0,0.0
74099,250.0,262.0,267.0,1.0,1.1,1.2,15.9,57.6,953.3,537.08,42600.0,0.0
74159,271.0,277.0,283.0,1.0,1.1,1.3,15.9,57.8,953.3,537.08,42600.0,0.0
74219,152.0,242.0,336.0,0.2,0.4,1.0,15.8,58.0,953.3,537.08,42600.0,0.0
74279,125.0,134.0,142.0,1.0,1.2,1.3,15.7,57.5,953.4,537.08,42600.0,0.0
74339,102.0,113.0,125.0,1.4,1.6,2.0,15.4,58.9,953.4,537.08,42600.0,0.0
74399,83.0,89.0,99.0,0.4,0.5,0.6,15.3,59.7,953.4,537.08,42600.0,0.0
74459,74.0,98.0,110.0,0.9,1.1,1.2,15.3,59.6,953.4,537.08,42600.0,0.0
74519,6.0,19.0,45.0,1.2,1.3,1.5,15.2,59.6,953.4,537.08,42600.0,0.0
74579,2.0,12.0,28.0,1.2,1.6,1.8,15.0,60.4,953.4,537.08,42600.0,0.0
74639,36.0,39.0,44.0,1.7,1.9,2.1,15.0,60.6,953.4,537.08,42600.0,0.0
74699,37.0,41.0,46.0,1.6,1.7,1.8,15.0,60.9,953.4,537.08,42600.0,0.0
74759,62.0,64.0,65.0,1.4,1.4,1.5,15.0,60.9,953.5,537.08,42600.0,0.0
74819,72.0,77.0,86.0,1.2,1.4,1.5,15.0,60.8,953.5,537.08,42600.0,0.0
74879,30.0,34.0,40.0,1.6,1.7,1.8,14.9,61.2,953.5,537.08,42600.0,0.0
74939,317.0,324.0,344.0,1.3,1.4,1.5,14.9,61.4,953.5,537.08,42600.0,0.0
74999,314.0,322.0,336.0,1.2,1.4,1.6,15.0,61.3,953.5,537.08,42600.0,0.0
75059,33.0,35.0,37.0,1.7,1.7,1.8,15.1,60.9,953.5,537.08,42600.0,0.0
75119,64.0,71.0,84.0,0.8,1.0,1.2,15.1,61.0,953.6,537.08,42600.0,0.0
75179,175.0,198.0,236.0,0.3,0.5,0.8,15.1,61.0,953.5,537.08,42600.0,0.0
75239,243.0,254.0,265.0,0.8,1.0,1.0,15.2,61.0,953.6,537.08,42600.0,0.0
75299,310.0,315.0,322.0,2.1,2.3,2.6,15.2,61.1,953.6,537.08,42600.0,0.0
75359,287.0,291.0,294.0,1.8,1.9,2.2,15.2,60.7,953.6,537.08,42600.0,0.0
75419,215.0,236.0,252.0,0.5,0.7,0.9,15.1,61.0,953.6,537.08,42600.0,0.0
75479,262.0,268.0,277.0,1.0,1.3,1.5,15.1,60.9,953.6,537.08,42600.0,0.0
75539,294.0,297.0,300.0,1.5,1.8,1.9,15.1,61.3,953.6,537.08,42600.0,0.0
75599,78.0,108.0,127.0,1.3,1.6,2.0,15.1,60.5,953.7,537.08,42600.0,0.0
75659,21.0,0.0,332.0,0.1,0.6,0.9,15.0,61.3,953.8,537.08,42600.0,0.0
75719,318.0,329.0,348.0,1.3,1.4,1.6,14.9,61.5,953.8,537.08,42600.0,0.0
75779,277.0,287.0,296.0,0.7,0.9,1.1,14.8,61.2,953.8,537.08,42600.0,0.0
75839,309.0,326.0,347.0,0.5,0.6,0.6,14.8,61.4,953.8,537.08,42600.0,0.0
75899,16.0,24.0,31.0,0.7,0.9,0.9,14.7,61.6,953.8,537.08,42600.0,0.0
75959,176.0,190.0,198.0,0.3,0.5,0.7,14.7,62.0,953.8,537.08,42600.0,0.0
76019,229.0,232.0,236.0,2.4,2.4,2.5,14.6,62.5,953.7,537.08,42600.0,0.0
76079,7.0,260.0,239.0,0.2,0.9,1.3,14.7,62.3,953.8,537.08,42600.0,0.0
76139,33.0,38.0,47.0,2.2,2.6,2.9,14.6,61.9,953.9,537.08,42600.0,0.0
76199,51.0,56.0,61.0,0.9,1.1,1.3,14.6,62.5,953.9,537.08,42600.0,0.0
76259,248.0,252.0,258.0,1.3,1.4,1.5,14.6,62.9,953.9,537.08,42600.0,0.0
76319,240.0,242.0,244.0,2.4,2.4,2.5,14.6,63.2,953.8,537.08,42600.0,0.0
76379,231.0,237.0,243.0,1.4,1.7,1.9,14.7,62.6,953.9,537.08,42600.0,0.0
76439,75.0,92.0,120.0,0.3,0.7,1.0,14.7,61.6,954.0,537.08,42600.0,0.0
76499,48.0,66.0,83.0,1.0,1.3,1.6,14.7,62.1,954.1,537.08,42600.0,0.0
76566,163.0,182.0,197.0,0.6,0.7,1.0,14.6,62.4,954.1,537.08,42600.0,0.0
76619,181.0,183.0,184.0,1.5,1.6,1.7,14.6,62.3,954.0,537.08,42600.0,0.0
76679,163.0,170.0,177.0,0.7,0.8,0.9,14.6,62.0,954.1,537.08,42600.0,0.0
76739,118.0,125.0,133.0,0.8,0.9,1.0,14.6,60.5,954.1,537.08,42600.0,0.0
76799,141.0,147.0,154.0,1.3,1.4,1.6,14.5,61.2,954.1,537.08,42600.0,0.0
76859,173.0,175.0,178.0,1.6,1.8,2.0,14.4,58.8,954.1,537.08,42600.0,0.0
76919,143.0,148.0,151.0,1.5,1.6,1.7,14.3,59.0,954.2,537.08,42600.0,0.0
76979,134.0,142.0,151.0,1.5,1.6,1.7,14.3,60.5,954.2,537.08,42600.0,0.0
77039,159.0,165.0,169.0,2.1,2.2,2.3,14.2,55.3,954.2,537.08,42600.0,0.0
77099,162.0,167.0,169.0,2.4,2.6,2.8,14.2,55.1,954.2,537.08,42600.0,0.0
77159,155.0,156.0,159.0,2.2,2.3,2.4,14.2,45.3,954.2,537.08,42600.0,0.0
77219,152.0,154.0,157.0,2.0,2.1,2.2,14.3,47.5,954.3,537.08,42600.0,0.0
77279,152.0,154.0,157.0,1.8,1.9,2.0,14.3,47.2,954.3,537.08,42600.0,0.0
77339,127.0,129.0,131.0,2.2,2.3,2.3,14.4,49.2,954.3,537.08,42600.0,0.0
77399,142.0,149.0,153.0,1.9,2.0,2.0,14.4,54.0,954.3,537.08,42600.0,0.0
77459,150.0,154.0,157.0,2.1,2.2,2.3,14.5,56.4,954.3,537.08,42600.0,0.0
77519,138.0,141.0,144.0,1.6,1.7,1.8,14.5,57.6,954.3,537.08,42600.0,0.0
77581,154.0,155.0,159.0,1.5,1.6,1.7,14.6,58.0,954.3,537.08,42600.0,0.0
77639,151.0,155.0,158.0,1.6,1.7,1.8,14.6,59.0,954.3,537.08,42600.0,0.0
77699,148.0,149.0,150.0,1.7,1.8,1.8,14.6,58.9,954.4,537.08,42600.0,0.0
77759,140.0,141.0,143.0,1.7,1.7,1.8,14.7,59.6,954.4,537.08,42600.0,0.0
77819,139.0,141.0,144.0,1.8,1.9,2.0,14.7,60.0,954.4,537.08,42600.0,0.0
77879,137.0,141.0,142.0,1.8,1.9,1.9,14.8,60.2,954.4,537.08,42600.0,0.0
77939,148.0,151.0,153.0,2.0,2.0,2.1,14.9,60.2,954.4,537.08,42600.0,0.0
77999,151.0,153.0,166.0,0.6,0.7,0.8,15.0,60.2,954.4,537.08,42600.0,0.0
78059,151.0,162.0,172.0,0.4,0.5,0.6,15.1,60.2,954.4,537.08,42600.0,0.0
78119,148.0,154.0,166.0,0.6,0.7,0.8,15.1,59.5,954.5,537.08,42600.0,0.0
78179,148.0,156.0,162.0,1.1,1.4,1.7,15.2,59.7,954.4,537.08,42600.0,0.0
78239,157.0,169.0,175.0,1.1,1.4,1.9,15.2,58.2,954.4,537.08,42600.0,0.0
78299,183.0,188.0,193.0,0.9,1.1,1.3,15.2,57.7,954.4,537.08,42600.0,0.0
78359,210.0,216.0,223.0,0.4,0.7,0.9,15.1,56.3,954.4,537.08,42600.0,0.0
78419,318.0,324.0,341.0,0.3,0.4,0.4,15.0,59.1,954.4,537.08,42600.0,0.0
78479,332.0,344.0,357.0,0.2,0.3,0.3,15.0,59.2,954.5,537.08,42600.0,0.0
78539,130.0,140.0,148.0,0.8,0.9,1.0,15.0,59.7,954.5,537.08,42600.0,0.0
78600,127.0,129.0,133.0,1.0,1.1,1.3,15.0,58.4,954.5,537.08,42600.0,0.0
78659,105.0,106.0,107.0,1.6,1.7,1.8,15.0,55.5,954.5,537.08,42600.0,0.0
78719,111.0,114.0,117.0,1.2,1.3,1.4,14.9,58.4,954.5,537.08,42600.0,0.0
78779,103.0,107.0,109.0,1.0,1.1,1.1,14.9,60.8,954.5,537.08,42600.0,0.0
78839,136.0,147.0,154.0,1.1,1.3,1.5,14.9,55.4,954.5,537.08,42600.0,0.0
78899,138.0,152.0,160.0,1.8,2.1,2.3,15.2,53.5,954.5,537.08,42600.0,0.0
78959,135.0,144.0,156.0,1.7,2.1,2.2,15.8,51.7,954.5,537.08,42600.0,0.0
79019,110.0,114.0,117.0,1.8,1.9,2.0,16.3,51.2,954.6,537.08,42600.0,0.0
79079,90.0,92.0,95.0,1.7,1.8,1.8,16.5,51.2,954.6,537.08,42600.0,0.0
79139,99.0,103.0,105.0,1.8,1.9,1.9,16.6,55.5,954.6,537.08,42600.0,0.0
79199,88.0,91.0,92.0,1.3,1.3,1.4,16.3,55.8,954.6,537.08,42600.0,0.0
79259,113.0,129.0,139.0,1.3,1.5,1.9,16.1,54.3,954.6,537.08,42600.0,0.0
79319,116.0,129.0,139.0,1.1,1.3,1.5,16.2,53.6,954.6,537.08,42600.0,0.0
79379,124.0,132.0,138.0,1.3,1.6,1.7,16.3,53.3,954.6,537.08,42600.0,0.0
79439,109.0,117.0,129.0,1.3,1.4,1.5,16.5,53.3,954.6,537.08,42600.0,0.0
79499,100.0,112.0,122.0,0.9,1.2,1.6,16.5,53.4,954.6,537.08,42600.0,0.0
79559,139.0,144.0,147.0,1.3,1.4,1.5,16.5,53.3,954.6,537.08,42600.0,0.0
79619,130.0,146.0,160.0,1.1,1.3,1.5,16.5,53.4,954.6,537.08,42600.0,0.0
79679,130.0,134.0,137.0,1.4,1.7,1.7,16.5,53.1,954.6,537.08,42600.0,0.0
79739,116.0,121.0,126.0,1.4,1.7,1.8,16.6,53.3,954.7,537.08,42600.0,0.0
79799,121.0,127.0,131.0,1.6,1.7,1.7,16.6,53.4,954.7,537.08,42600.0,0.0
79859,102.0,114.0,121.0,1.4,1.5,1.7,16.6,53.8,954.7,537.08,42600.0,0.0
79919,101.0,106.0,109.0,1.4,1.5,1.5,16.5,54.1,954.7,537.08,42600.0,0.0
79979,107.0,117.0,125.0,0.9,1.0,1.1,16.4,54.3,954.6,537.08,42600.0,0.0
80039,137.0,139.0,144.0,1.1,1.2,1.2,16.4,53.4,954.6,537.08,42600.0,0.0
80099,116.0,120.0,124.0,1.5,1.6,1.7,16.5,53.3,954.6,537.08,42600.0,0.0
80159,80.0,84.0,88.0,1.5,1.6,1.7,16.6,53.1,954.7,537.08,42600.0,0.0
80219,89.0,96.0,102.0,1.3,1.4,1.6,16.6,52.6,954.6,537.08,42600.0,0.0
80279,92.0,108.0,118.0,1.7,2.0,2.6,16.7,50.2,954.6,537.08,42600.0,0.0
80339,109.0,113.0,117.0,1.8,2.1,2.3,16.8,41.7,954.6,537.08,42600.0,0.0
80399,112.0,115.0,121.0,2.0,2.1,2.3,17.0,32.2,954.6,537.08,42600.0,0.0
80459,103.0,109.0,115.0,2.3,2.4,2.5,17.5,31.4,954.6,537.08,42600.0,0.0
80519,60.0,67.0,78.0,1.6,1.8,2.0,17.8,42.7,954.7,537.08,42600.0,0.0
80579,84.0,98.0,109.0,1.4,1.5,1.7,17.9,42.1,954.6,537.08,42600.0,0.0
80639,95.0,99.0,105.0,1.8,1.9,2.0,17.8,39.6,954.7,537.08,42600.0,0.0
80699,108.0,112.0,115.0,1.8,1.9,2.0,17.8,39.0,954.7,537.08,42600.0,0.0
80759,123.0,126.0,131.0,1.6,1.8,1.9,17.8,37.4,954.7,537.08,42600.0,0.0
80819,100.0,104.0,110.0,1.4,1.5,1.6,17.8,33.4,954.7,537.08,42600.0,0.0
80879,74.0,78.0,85.0,1.7,1.8,1.8,17.9,32.6,954.7,537.08,42600.0,0.0
80939,80.0,89.0,94.0,1.6,1.8,2.1,18.1,32.6,954.7,537.08,42600.0,0.0
80999,105.0,107.0,110.0,1.9,2.0,2.1,18.2,33.8,954.7,537.08,42600.0,0.0
81059,113.0,120.0,125.0,1.2,1.4,1.6,18.2,37.5,954.7,537.08,42600.0,0.0
81119,90.0,103.0,121.0,0.7,0.8,1.0,18.2,34.5,954.7,537.08,42600.0,0.0
81179,47.0,61.0,76.0,0.7,0.8,1.0,18.1,33.7,954.7,537.08,42600.0,0.0
81239,44.0,49.0,59.0,0.9,1.1,1.3,18.1,29.4,954.8,537.08,42600.0,0.0
81299,46.0,47.0,53.0,0.9,1.0,1.1,18.2,27.8,954.8,537.08,42600.0,0.0
81359,48.0,56.0,63.0,1.3,1.3,1.5,18.3,26.5,954.8,537.08,42600.0,0.0
81419,55.0,66.0,76.0,1.0,1.3,1.4,18.4,27.0,954.8,537.08,42600.0,0.0
81479,50.0,61.0,66.0,1.1,1.2,1.4,18.5,25.6,954.8,537.08,42600.0,0.0
81539,57.0,66.0,74.0,1.4,1.6,1.8,18.6,25.4,954.8,537.08,42600.0,0.0
81599,47.0,59.0,66.0,1.5,1.6,1.7,18.8,25.0,954.8,537.08,42600.0,0.0
81659,64.0,70.0,78.0,1.2,1.4,1.6,18.9,24.8,954.8,537.08,42600.0,0.0
81719,51.0,55.0,63.0,1.3,1.6,1.7,18.9,23.3,954.8,537.08,42600.0,0.0
81779,33.0,38.0,47.0,1.7,1.9,2.1,19.0,23.1,954.8,537.08,42600.0,0.0
81839,33.0,37.0,39.0,1.8,1.8,1.9,19.0,22.7,954.8,537.08,42600.0,0.0
81899,33.0,40.0,47.0,1.6,1.9,2.1,19.1,22.0,954.9,537.08,42600.0,0.0
81959,37.0,42.0,52.0,1.4,1.6,1.8,19.2,21.7,954.8,537.08,42600.0,0.0
82019,48.0,52.0,62.0,2.0,2.1,2.2,19.3,20.8,954.9,537.08,42600.0,0.0
82079,36.0,51.0,64.0,1.8,2.3,2.6,19.4,20.7,954.8,537.08,42600.0,0.0
82139,48.0,58.0,67.0,1.8,2.1,2.5,19.6,21.3,954.8,537.08,42600.0,0.0
82199,55.0,65.0,75.0,2.3,2.7,3.3,19.6,19.6,954.8,537.08,42600.0,0.0
82259,65.0,74.0,84.0,2.2,2.6,2.9,19.7,20.2,954.9,537.08,42600.0,0.0
82319,71.0,85.0,104.0,2.4,2.7,3.3,19.8,19.5,954.9,537.08,42600.0,0.0
82379,64.0,73.0,82.0,2.3,2.9,3.4,19.9,19.2,954.9,537.08,42600.0,0.0
82439,67.0,82.0,93.0,2.5,3.1,3.8,19.9,19.0,954.9,537.08,42600.0,0.0
82499,69.0,77.0,82.0,3.0,3.4,3.8,20.1,18.2,954.9,537.08,42600.0,0.0
82559,72.0,79.0,85.0,2.9,3.3,3.7,20.2,18.3,954.9,537.08,42600.0,0.0
82619,76.0,81.0,86.0,2.7,2.8,3.1,20.3,18.0,954.9,537.08,42600.0,0.0
82679,74.0,80.0,89.0,2.2,2.5,2.7,20.4,18.6,954.9,537.08,42600.0,0.0
82739,73.0,85.0,94.0,2.9,3.4,4.2,20.3,17.8,955.0,537.08,42600.0,0.0
82799,88.0,93.0,104.0,2.8,3.3,3.7,20.3,18.4,955.0,537.08,42600.0,0.0
82859,159.0,165.0,169.0,2.1,2.2,2.4,20.3,20.7,955.0,537.08,42600.0,0.0
82919,150.0,156.0,159.0,2.2,2.4,2.6,20.1,21.5,955.0,537.08,42600.0,0.0
82979,155.0,168.0,177.0,1.7,2.0,2.4,19.8,24.3,955.0,537.08,42600.0,0.0
83039,195.0,200.0,208.0,1.8,2.0,2.2,19.5,27.3,955.0,537.08,42600.0,0.0
83100,154.0,160.0,165.0,1.6,1.8,2.1,19.0,31.2,955.0,537.08,42600.0,0.0
83160,129.0,145.0,157.0,1.1,1.3,1.4,18.8,31.8,955.0,537.08,42600.0,0.0
83219,139.0,145.0,149.0,1.5,1.7,1.9,18.6,29.1,955.0,537.08,42600.0,0.0
83279,137.0,146.0,155.0,1.0,1.1,1.3,18.5,28.9,955.0,537.08,42600.0,0.0
83339,135.0,140.0,147.0,1.5,1.5,1.6,18.5,30.2,955.0,537.08,42600.0,0.0
83399,131.0,139.0,147.0,1.3,1.5,1.7,18.5,25.7,955.0,537.08,42600.0,0.0
83459,129.0,136.0,143.0,1.3,1.5,1.7,18.5,26.6,955.0,537.08,42600.0,0.0
83519,103.0,117.0,128.0,1.5,1.7,2.0,18.5,25.7,955.1,537.08,42600.0,0.0
83579,107.0,121.0,132.0,0.6,0.8,0.9,18.6,26.5,955.1,537.08,42600.0,0.0
83639,54.0,72.0,87.0,0.9,1.2,1.5,18.6,26.2,955.1,537.08,42600.0,0.0
83699,45.0,52.0,64.0,0.6,0.7,0.8,18.5,26.4,955.1,537.08,42600.0,0.0
83759,30.0,39.0,52.0,0.9,1.0,1.3,18.5,26.1,955.1,537.08,42600.0,0.0
83819,10.0,334.0,298.0,0.1,0.2,0.3,18.4,26.1,955.1,537.08,42600.0,0.0
83879,119.0,38.0,329.0,0.0,0.1,0.1,18.2,27.3,955.1,537.08,42600.0,0.0
83943,179.0,190.0,199.0,0.4,0.5,0.6,18.1,26.2,955.1,537.08,42600.0,0.0
83999,130.0,135.0,139.0,1.9,2.0,2.1,18.1,40.7,955.1,537.08,42600.0,0.0
84059,99.0,113.0,127.0,0.3,0.4,0.6,17.7,40.7,955.1,537.08,42600.0,0.0
84119,245.0,256.0,271.0,0.3,0.3,0.4,17.4,29.6,955.1,537.08,42600.0,0.0
84179,255.0,276.0,325.0,0.2,0.4,0.6,17.2,29.4,955.1,537.08,42600.0,0.0
84239,209.0,251.0,292.0,0.2,0.5,0.9,17.2,34.4,955.1,537.08,42600.0,0.0
84299,277.0,293.0,304.0,0.5,0.7,0.9,17.1,37.9,955.1,537.08,42600.0,0.0
84359,64.0,81.0,90.0,0.3,0.4,0.6,17.1,38.2,955.2,537.08,42600.0,0.0
84419,64.0,0.0,213.0,0.0,0.2,0.3,17.0,36.5,955.2,537.08,42600.0,0.0
84479,271.0,277.0,290.0,0.3,0.4,0.5,16.9,35.4,955.1,537.08,42600.0,0.0
84539,286.0,306.0,321.0,0.3,0.4,0.5,16.8,30.5,955.2,537.08,42600.0,0.0
84599,154.0,201.0,272.0,0.0,0.2,0.4,16.8,29.1,955.2,537.08,42600.0,0.0
84659,70.0,97.0,116.0,0.1,0.2,0.3,16.9,28.8,955.2,537.08,42600.0,0.0
84719,12.0,25.0,32.0,0.5,0.6,0.8,16.9,28.6,955.2,537.08,42600.0,0.0
84780,116.0,227.0,272.0,0.1,0.2,0.5,17.0,28.5,955.1,537.08,42600.0,0.0
84839,239.0,259.0,274.0,0.8,0.9,1.1,17.1,36.6,955.2,537.08,42600.0,0.0
84899,205.0,213.0,220.0,0.7,0.8,0.9,17.0,38.1,955.2,537.08,42600.0,0.0
84960,228.0,234.0,239.0,0.8,1.0,1.1,16.9,31.4,955.2,537.08,42600.0,0.0
85020,321.0,337.0,355.0,0.4,0.5,0.8,17.0,29.1,955.2,537.08,42600.0,0.0
85080,272.0,280.0,319.0,0.0,0.0,0.2,17.0,29.0,955.2,537.08,42600.0,0.0
85139,89.0,154.0,206.0,0.0,0.1,0.1,17.0,28.5,955.2,537.08,42600.0,0.0
85200,166.0,184.0,191.0,0.3,0.4,0.5,17.0,27.6,955.2,537.08,42600.0,0.0
85259,183.0,189.0,194.0,0.6,0.7,0.8,17.0,27.5,955.2,537.08,42600.0,0.0
85319,245.0,256.0,266.0,0.5,0.5,0.6,17.2,26.8,955.2,537.08,42600.0,0.0
85379,270.0,279.0,286.0,0.6,0.8,0.9,17.3,26.8,955.2,537.08,42600.0,0.0
85439,271.0,272.0,293.0,0.4,0.4,0.5,17.3,26.8,955.2,537.08,42600.0,0.0
85499,209.0,234.0,271.0,0.2,0.2,0.3,17.4,26.1,955.2,537.08,42600.0,0.0
85559,172.0,176.0,178.0,0.4,0.4,0.5,17.4,24.4,955.2,537.08,42600.0,0.0
85620,139.0,143.0,151.0,0.4,0.5,0.6,17.5,24.7,955.2,537.08,42600.0,0.0
85680,102.0,108.0,116.0,0.3,0.5,0.5,17.6,24.4,955.2,537.08,42600.0,0.0
85739,152.0,77.0,299.0,0.0,0.1,0.3,17.7,24.7,955.2,537.08,42600.0,0.0
85806,11.0,2.0,357.0,1.0,1.2,1.3,17.8,31.6,955.2,537.08,42600.0,0.0
85859,89.0,14.0,292.0,0.1,0.3,0.6,17.7,26.7,955.2,537.08,42600.0,0.0
85919,89.0,98.0,118.0,0.2,0.3,0.3,17.6,24.8,955.2,537.08,42600.0,0.0
85979,193.0,234.0,252.0,0.2,0.3,0.3,17.6,24.6,955.2,537.08,42600.0,0.0
86039,181.0,196.0,209.0,0.3,0.3,0.4,17.6,24.6,955.2,537.08,42600.0,0.0
86099,151.0,155.0,163.0,0.5,0.6,0.6,17.6,24.3,955.2,537.08,42600.0,0.0
86159,154.0,156.0,157.0,0.8,1.0,1.0,17.7,24.5,955.2,537.08,42600.0,0.0
86219,151.0,154.0,159.0,0.9,1.0,1.0,17.8,24.6,955.2,537.08,42600.0,0.0
86279,151.0,153.0,157.0,0.8,0.9,0.9,18.0,23.3,955.2,537.08,42600.0,0.0
86339,177.0,182.0,187.0,0.7,0.8,0.9,18.1,23.6,955.3,537.08,42600.0,0.0
