t,Dn,Dm,Dx,Sn,Sm,Sx,Ta,Ua,Pa,Rc,Rd,Ri
0,62.0,68.0,70.0,10.9,11.9,13.4,10.0,15.1,888.9,43.17,33080.0,0.0
60,48.0,68.0,77.0,10.0,10.9,14.0,9.9,15.2,888.9,43.17,33080.0,0.0
120,71.0,75.0,90.0,12.5,13.6,14.4,9.8,15.1,888.8,43.17,33080.0,0.0
180,67.0,71.0,77.0,10.6,12.7,14.6,9.8,15.2,888.9,43.17,33080.0,0.0
240,68.0,72.0,76.0,12.0,12.8,13.7,9.8,15.3,888.9,43.17,33080.0,0.0
300,68.0,72.0,76.0,13.1,14.1,14.9,9.8,15.3,888.9,43.17,33080.0,0.0
360,66.0,69.0,72.0,11.8,12.4,12.9,9.8,15.2,888.9,43.17,33080.0,0.0
420,70.0,74.0,83.0,11.8,12.7,14.4,9.8,15.1,888.8,43.17,33080.0,0.0
480,63.0,69.0,74.0,10.1,13.7,16.2,9.8,15.0,888.8,43.17,33080.0,0.0
540,10.0,67.0,103.0,1.8,6.5,10.7,9.9,15.1,888.7,43.17,33080.0,0.0
600,64.0,69.0,77.0,10.6,12.1,13.4,9.7,15.1,888.8,43.17,33080.0,0.0
660,32.0,58.0,68.0,10.0,12.1,14.0,9.7,14.9,888.6,43.17,33080.0,0.0
720,57.0,63.0,74.0,9.0,12.1,14.6,9.8,14.7,888.8,43.17,33080.0,0.0
780,34.0,55.0,90.0,5.5,9.8,12.3,9.9,14.7,888.7,43.17,33080.0,0.0
840,61.0,68.0,72.0,9.9,13.0,14.7,9.9,14.9,888.8,43.17,33080.0,0.0
900,71.0,75.0,78.0,12.1,12.6,13.3,9.8,14.9,888.8,43.17,33080.0,0.0
960,70.0,76.0,84.0,12.1,13.5,15.3,9.8,14.8,888.8,43.17,33080.0,0.0
1020,73.0,81.0,90.0,10.3,12.2,13.6,9.8,15.1,888.7,43.17,33080.0,0.0
1080,66.0,72.0,77.0,14.3,15.5,16.5,9.6,14.6,888.6,43.17,33080.0,0.0
1140,61.0,67.0,73.0,12.2,14.5,16.0,9.8,14.7,888.7,43.17,33080.0,0.0
1200,67.0,70.0,73.0,15.0,15.5,16.3,9.8,14.5,888.6,43.17,33080.0,0.0
1260,69.0,74.0,81.0,12.6,13.6,14.6,9.9,14.6,888.8,43.17,33080.0,0.0
1320,63.0,68.0,72.0,13.7,14.6,15.4,9.9,14.6,888.7,43.17,33080.0,0.0
1380,67.0,70.0,77.0,12.4,14.4,15.7,9.8,14.5,888.6,43.17,33080.0,0.0
1440,66.0,69.0,71.0,14.5,14.9,15.2,9.9,14.5,888.7,43.17,33080.0,0.0
1500,70.0,74.0,77.0,13.4,14.2,14.8,9.9,14.5,888.8,43.17,33080.0,0.0
1560,78.0,80.0,82.0,13.2,13.9,14.5,9.9,14.4,888.7,43.17,33080.0,0.0
1620,71.0,77.0,84.0,13.2,14.1,15.3,9.9,14.6,888.8,43.17,33080.0,0.0
1680,69.0,72.0,75.0,13.0,13.9,14.3,9.9,14.1,888.7,43.17,33080.0,0.0
1740,73.0,76.0,79.0,11.9,12.8,13.6,9.9,14.2,888.8,43.17,33080.0,0.0
1800,70.0,73.0,76.0,12.6,13.4,13.9,9.9,14.1,888.7,43.17,33080.0,0.0
1860,70.0,75.0,79.0,12.2,12.9,13.3,9.9,14.2,888.7,43.17,33080.0,0.0
1920,68.0,72.0,77.0,11.9,13.2,13.8,9.9,14.0,888.7,43.17,33080.0,0.0
1980,62.0,68.0,75.0,11.4,13.5,15.4,9.8,14.3,888.7,43.17,33080.0,0.0
2040,34.0,59.0,69.0,9.5,13.7,18.7,9.9,14.1,888.4,43.17,33080.0,0.0
2100,63.0,68.0,75.0,11.3,15.6,17.6,9.9,13.6,888.5,43.17,33080.0,0.0
2160,70.0,77.0,82.0,12.3,15.1,16.0,10.0,13.2,888.6,43.17,33080.0,0.0
2220,62.0,69.0,75.0,13.8,14.9,15.9,10.0,13.4,888.6,43.17,33080.0,0.0
2280,67.0,78.0,86.0,12.6,13.6,15.0,10.0,13.3,888.6,43.17,33080.0,0.0
2340,63.0,67.0,70.0,14.0,15.4,16.8,9.8,13.6,888.5,43.17,33080.0,0.0
2400,67.0,74.0,82.0,12.7,13.6,14.8,9.8,12.8,888.6,43.17,33080.0,0.0
2460,59.0,66.0,69.0,13.4,16.1,17.6,9.9,13.2,888.4,43.17,33080.0,0.0
2520,56.0,73.0,79.0,12.2,14.3,14.9,10.0,13.2,888.4,43.17,33080.0,0.0
2580,54.0,67.0,77.0,14.7,16.3,18.4,10.0,12.4,888.3,43.17,33080.0,0.0
2640,58.0,67.0,73.0,11.3,15.1,17.8,10.2,12.5,888.4,43.17,33080.0,0.0
2700,54.0,61.0,66.0,11.7,13.6,15.3,10.5,12.1,888.6,43.17,33080.0,0.0
2760,60.0,66.0,69.0,8.7,11.0,12.4,10.2,12.5,888.7,43.17,33080.0,0.0
2820,38.0,52.0,75.0,10.3,13.0,15.0,10.2,12.8,888.2,43.17,33080.0,0.0
2880,35.0,63.0,118.0,2.5,12.1,20.9,10.1,12.8,888.2,43.17,33080.0,0.0
2940,36.0,47.0,67.0,6.6,11.8,13.5,10.1,12.4,888.3,43.17,33080.0,0.0
3000,26.0,65.0,125.0,1.6,9.4,17.0,10.0,12.3,888.2,43.17,33080.0,0.0
3060,100.0,50.0,255.0,1.1,6.0,13.1,10.0,12.8,888.3,43.17,33080.0,0.0
3120,28.0,49.0,122.0,2.9,10.2,15.3,9.9,12.3,888.4,43.17,33080.0,0.0
3180,30.0,47.0,67.0,5.3,8.3,11.5,9.9,12.4,888.8,43.17,33080.0,0.0
3240,52.0,77.0,122.0,2.7,6.6,9.4,9.9,12.4,888.6,43.17,33080.0,0.0
3300,34.0,69.0,131.0,1.8,8.6,11.6,9.9,12.3,888.8,43.17,33080.0,0.0
3360,18.0,53.0,91.0,3.8,7.8,12.4,9.8,12.4,888.5,43.17,33080.0,0.0
3420,36.0,60.0,81.0,6.5,10.1,12.6,9.9,12.3,888.4,43.17,33080.0,0.0
3480,30.0,50.0,115.0,4.4,9.1,13.8,9.9,12.7,888.6,43.17,33080.0,0.0
3540,31.0,54.0,89.0,0.3,8.5,12.5,9.9,12.5,888.6,43.17,33080.0,0.0
3600,32.0,50.0,78.0,5.6,7.6,9.3,9.8,12.5,888.9,43.17,33080.0,0.0
3660,106.0,64.0,353.0,2.3,10.1,16.4,9.7,12.2,888.1,43.17,33080.0,0.0
3720,45.0,61.0,79.0,7.8,10.9,15.1,9.8,12.0,888.4,43.17,33080.0,0.0
3780,30.0,62.0,113.0,3.5,9.1,15.1,9.9,11.8,888.4,43.17,33080.0,0.0
3840,36.0,59.0,104.0,4.4,9.5,13.0,10.0,12.2,888.6,43.17,33080.0,0.0
3900,96.0,10.0,249.0,1.2,5.1,10.9,9.9,12.4,888.6,43.17,33080.0,0.0
3960,192.0,77.0,278.0,2.2,7.3,11.0,9.8,12.3,887.9,43.17,33080.0,0.0
4020,203.0,65.0,358.0,1.5,5.8,14.3,9.9,11.8,888.5,43.17,33080.0,0.0
4080,49.0,25.0,63.0,1.4,7.3,11.6,10.0,11.5,888.7,43.17,33080.0,0.0
4140,107.0,54.0,223.0,1.0,5.3,9.0,10.0,11.6,888.9,43.17,33080.0,0.0
4200,127.0,62.0,321.0,1.9,5.3,12.4,10.1,11.4,888.9,43.17,33080.0,0.0
4260,120.0,57.0,308.0,1.1,4.7,9.1,10.1,11.3,888.8,43.17,33080.0,0.0
4320,41.0,76.0,140.0,3.4,8.5,16.0,10.1,11.1,888.9,43.17,33080.0,0.0
4380,28.0,59.0,96.0,1.6,5.7,10.6,10.1,11.1,888.9,43.17,33080.0,0.0
4440,13.0,56.0,110.0,1.4,6.0,9.3,10.2,11.2,888.7,43.17,33080.0,0.0
4500,35.0,49.0,65.0,6.0,8.9,10.8,10.1,11.4,888.7,43.17,33080.0,0.0
4560,46.0,86.0,185.0,0.3,3.6,10.1,10.0,11.6,888.6,43.17,33080.0,0.0
4620,35.0,44.0,57.0,5.7,10.5,14.5,9.8,11.7,888.6,43.17,33080.0,0.0
4680,120.0,40.0,312.0,0.6,3.1,8.4,9.8,11.8,888.5,43.17,33080.0,0.0
4740,36.0,69.0,119.0,1.0,5.3,9.7,9.8,11.7,888.7,43.17,33080.0,0.0
4800,52.0,83.0,113.0,1.8,4.3,8.2,9.8,11.6,888.6,43.17,33080.0,0.0
4860,116.0,356.0,296.0,1.2,4.3,10.4,9.7,11.4,888.7,43.17,33080.0,0.0
4920,19.0,56.0,92.0,4.6,8.7,12.0,9.8,11.4,888.4,43.17,33080.0,0.0
4980,45.0,65.0,71.0,7.0,9.5,11.9,9.9,11.1,888.7,43.17,33080.0,0.0
5040,102.0,50.0,320.0,0.3,6.5,11.5,9.9,11.2,888.8,43.17,33080.0,0.0
5100,36.0,56.0,100.0,2.0,5.8,9.0,9.9,11.3,888.7,43.17,33080.0,0.0
5160,119.0,80.0,328.0,1.0,3.1,5.6,9.9,11.4,888.9,43.17,33080.0,0.0
5220,33.0,64.0,89.0,1.0,4.4,6.8,9.8,11.5,889.0,43.17,33080.0,0.0
5280,119.0,27.0,331.0,0.7,4.6,9.1,9.7,11.3,888.9,43.17,33080.0,0.0
5340,38.0,57.0,101.0,5.0,7.7,9.6,9.7,11.5,889.1,43.17,33080.0,0.0
5400,34.0,52.0,75.0,4.2,7.1,9.7,9.8,11.4,889.1,43.17,33080.0,0.0
5460,21.0,52.0,67.0,3.6,6.7,9.0,9.7,11.5,889.1,43.17,33080.0,0.0
5520,39.0,77.0,122.0,3.2,6.5,9.0,9.5,11.5,888.9,43.17,33080.0,0.0
5580,155.0,16.0,251.0,0.1,2.2,5.7,9.8,11.5,889.2,43.17,33080.0,0.0
5640,49.0,21.0,324.0,1.7,4.8,8.1,9.9,11.1,889.1,43.17,33080.0,0.0
5700,26.0,35.0,56.0,9.1,10.3,11.3,9.9,11.4,889.1,43.17,33080.0,0.0
5760,29.0,35.0,49.0,6.0,7.1,8.4,9.9,11.4,889.2,43.17,33080.0,0.0
5820,29.0,44.0,79.0,5.2,9.6,11.5,9.9,11.8,889.0,43.17,33080.0,0.0
5880,27.0,38.0,62.0,2.6,8.6,10.1,9.9,11.5,889.1,43.17,33080.0,0.0
5940,26.0,35.0,41.0,6.3,8.4,9.6,9.8,11.8,889.2,43.17,33080.0,0.0
6000,27.0,31.0,34.0,9.6,10.8,12.2,9.9,11.9,889.1,43.17,33080.0,0.0
6060,33.0,158.0,239.0,0.3,1.1,2.5,10.0,11.8,889.1,43.17,33080.0,0.0
6120,34.0,17.0,0.0,2.0,4.5,6.8,9.9,11.8,889.3,43.17,33080.0,0.0
6180,27.0,39.0,53.0,5.2,6.0,7.6,9.7,11.6,889.2,43.17,33080.0,0.0
6240,33.0,60.0,104.0,5.4,7.0,9.8,9.8,11.6,889.2,43.17,33080.0,0.0
6300,24.0,66.0,119.0,1.4,4.8,8.3,9.9,11.6,889.2,43.17,33080.0,0.0
6360,18.0,29.0,40.0,3.2,7.1,8.0,10.0,11.5,889.3,43.17,33080.0,0.0
6420,16.0,39.0,92.0,0.8,4.6,6.9,9.9,11.7,889.3,43.17,33080.0,0.0
6480,13.0,27.0,48.0,4.4,5.6,6.4,9.7,11.7,889.3,43.17,33080.0,0.0
6540,32.0,39.0,49.0,4.9,6.0,7.3,9.8,11.8,889.3,43.17,33080.0,0.0
6600,1.0,21.0,29.0,6.0,7.0,7.8,9.8,11.8,889.3,43.17,33080.0,0.0
6660,18.0,23.0,28.0,6.7,7.8,8.7,9.8,12.0,889.2,43.17,33080.0,0.0
6720,39.0,21.0,349.0,2.0,6.0,7.4,9.8,11.6,889.4,43.17,33080.0,0.0
6780,13.0,25.0,44.0,3.0,7.4,9.9,9.9,11.7,889.2,43.17,33080.0,0.0
6840,31.0,48.0,90.0,3.2,5.4,7.6,10.0,11.4,889.3,43.17,33080.0,0.0
6900,212.0,71.0,229.0,0.7,3.0,6.5,10.1,11.4,889.2,43.17,33080.0,0.0
6960,30.0,57.0,69.0,3.0,4.2,5.3,10.2,11.3,889.3,43.17,33080.0,0.0
7020,22.0,51.0,70.0,1.5,3.2,4.3,10.2,11.2,889.4,43.17,33080.0,0.0
7080,64.0,77.0,93.0,2.9,4.6,5.7,10.0,11.2,889.3,43.17,33080.0,0.0
7140,31.0,56.0,131.0,0.5,4.3,6.9,10.1,11.3,889.3,43.17,33080.0,0.0
7200,54.0,68.0,96.0,5.0,5.9,7.3,10.1,11.2,889.3,43.17,33080.0,0.0
7260,28.0,33.0,36.0,6.2,7.5,8.5,10.1,11.3,889.3,43.17,33080.0,0.0
7320,38.0,51.0,67.0,4.5,6.5,8.3,10.1,11.5,889.2,43.17,33080.0,0.0
7380,31.0,38.0,51.0,2.1,6.4,8.0,10.1,11.4,889.2,43.17,33080.0,0.0
7440,82.0,38.0,301.0,0.3,2.0,4.8,10.2,11.4,889.1,43.17,33080.0,0.0
7500,13.0,40.0,63.0,3.6,5.6,6.6,10.2,11.4,889.2,43.17,33080.0,0.0
7560,28.0,39.0,79.0,1.7,8.2,10.6,10.3,11.6,889.2,43.17,33080.0,0.0
7620,37.0,61.0,109.0,4.6,7.3,9.8,10.3,11.4,889.1,43.17,33080.0,0.0
7680,34.0,65.0,123.0,5.1,9.7,14.2,10.2,11.7,888.7,43.17,33080.0,0.0
7740,46.0,95.0,138.0,3.4,5.9,8.1,10.2,11.7,889.0,43.17,33080.0,0.0
7800,32.0,54.0,107.0,3.2,5.1,6.6,10.3,11.6,889.1,43.17,33080.0,0.0
7860,174.0,70.0,355.0,1.1,5.5,12.2,10.2,12.0,889.0,43.17,33080.0,0.0
7920,27.0,45.0,63.0,6.2,8.0,10.6,10.2,11.8,889.0,43.17,33080.0,0.0
7980,23.0,40.0,76.0,5.5,8.4,10.2,10.1,11.9,889.1,43.17,33080.0,0.0
8040,114.0,72.0,323.0,0.4,3.0,5.9,10.3,11.9,889.1,43.17,33080.0,0.0
8100,120.0,43.0,217.0,0.6,4.0,11.0,10.2,11.9,889.2,43.17,33080.0,0.0
8160,34.0,66.0,84.0,2.8,5.2,6.9,10.2,12.0,889.2,43.17,33080.0,0.0
8220,148.0,74.0,290.0,0.1,1.2,2.7,10.1,12.0,889.1,43.17,33080.0,0.0
8280,27.0,51.0,65.0,3.6,7.4,10.6,10.1,12.2,889.2,43.17,33080.0,0.0
8340,166.0,58.0,270.0,0.1,2.5,5.9,10.2,12.3,889.2,43.17,33080.0,0.0
8400,36.0,58.0,89.0,5.8,8.2,10.3,10.2,12.3,889.1,43.17,33080.0,0.0
8460,34.0,72.0,166.0,1.1,4.1,7.4,10.2,12.3,889.2,43.17,33080.0,0.0
8520,34.0,55.0,123.0,1.6,6.2,8.9,10.1,12.5,889.1,43.17,33080.0,0.0
8580,34.0,57.0,101.0,3.6,5.8,7.3,10.2,12.5,889.1,43.17,33080.0,0.0
8640,30.0,69.0,109.0,3.6,5.5,7.9,10.2,12.5,889.1,43.17,33080.0,0.0
8700,51.0,103.0,211.0,0.4,1.8,3.4,10.1,12.6,889.1,43.17,33080.0,0.0
8760,31.0,57.0,75.0,3.9,6.6,10.5,10.2,12.7,889.0,43.17,33080.0,0.0
8820,9.0,72.0,134.0,0.9,3.7,6.5,10.2,12.7,889.0,43.17,33080.0,0.0
8880,119.0,58.0,332.0,1.4,4.4,6.8,10.1,12.8,889.1,43.17,33080.0,0.0
8940,180.0,20.0,252.0,0.2,1.2,2.3,10.2,12.8,889.0,43.17,33080.0,0.0
9000,36.0,67.0,141.0,1.1,4.4,8.6,10.2,12.9,889.0,43.17,33080.0,0.0
9060,123.0,45.0,347.0,1.3,4.8,8.5,10.2,12.9,889.0,43.17,33080.0,0.0
9120,34.0,54.0,80.0,3.9,5.7,7.1,10.3,12.9,889.1,43.17,33080.0,0.0
9180,22.0,40.0,102.0,1.8,5.5,6.9,10.2,12.9,889.1,43.17,33080.0,0.0
9240,25.0,64.0,109.0,0.7,4.9,8.0,10.1,13.1,889.0,43.17,33080.0,0.0
9300,97.0,55.0,353.0,1.4,2.8,5.4,10.1,13.1,889.1,43.17,33080.0,0.0
9360,98.0,10.0,260.0,0.3,2.5,4.9,10.2,13.1,889.2,43.17,33080.0,0.0
9420,16.0,52.0,90.0,1.1,4.4,6.5,10.1,13.2,889.1,43.17,33080.0,0.0
9480,45.0,170.0,290.0,0.3,1.9,3.9,10.0,13.2,889.2,43.17,33080.0,0.0
9540,29.0,42.0,66.0,5.8,7.1,9.2,10.0,13.4,889.1,43.17,33080.0,0.0
9600,111.0,26.0,280.0,0.5,2.3,5.0,10.0,13.5,889.2,43.17,33080.0,0.0
9660,17.0,39.0,64.0,5.6,7.4,9.5,10.0,13.5,889.1,43.17,33080.0,0.0
9720,113.0,57.0,334.0,1.3,2.8,5.0,10.0,13.5,889.2,43.17,33080.0,0.0
9780,137.0,51.0,329.0,0.4,3.9,8.4,10.0,13.6,889.0,43.17,33080.0,0.0
9840,83.0,140.0,227.0,0.2,1.1,2.1,10.0,13.6,889.1,43.17,33080.0,0.0
9900,100.0,349.0,117.0,0.3,0.8,2.0,10.0,13.7,889.1,43.17,33080.0,0.0
9960,125.0,43.0,144.0,0.3,1.7,6.8,10.0,13.7,889.1,43.17,33080.0,0.0
10020,227.0,55.0,287.0,0.5,1.9,5.7,10.0,13.7,889.0,43.17,33080.0,0.0
10080,126.0,48.0,307.0,0.2,1.1,2.6,10.1,13.8,889.1,43.17,33080.0,0.0
10140,30.0,40.0,60.0,7.2,8.8,10.9,10.1,14.0,889.0,43.17,33080.0,0.0
10200,5.0,22.0,38.0,8.1,9.2,11.4,10.1,14.2,889.0,43.17,33080.0,0.0
10260,274.0,149.0,282.0,0.2,0.6,1.1,10.1,13.9,889.1,43.17,33080.0,0.0
10320,76.0,12.0,328.0,1.1,4.6,9.5,10.1,14.1,888.9,43.17,33080.0,0.0
10380,29.0,61.0,140.0,0.6,3.8,7.2,10.1,14.1,889.0,43.17,33080.0,0.0
10440,156.0,81.0,324.0,0.3,1.7,4.1,10.1,14.2,889.1,43.17,33080.0,0.0
10500,17.0,40.0,63.0,4.7,6.7,8.7,10.3,14.1,889.0,43.17,33080.0,0.0
10560,123.0,64.0,354.0,0.4,2.7,5.8,10.1,14.2,889.0,43.17,33080.0,0.0
10620,36.0,61.0,147.0,1.4,7.4,11.1,10.1,14.2,888.8,43.17,33080.0,0.0
10680,141.0,58.0,317.0,0.6,2.9,5.8,10.2,14.1,889.0,43.17,33080.0,0.0
10740,97.0,59.0,351.0,1.5,4.3,6.4,10.1,14.2,888.9,43.17,33080.0,0.0
10800,204.0,98.0,358.0,0.4,1.8,3.1,10.2,14.2,888.9,43.17,33080.0,0.0
10860,32.0,59.0,85.0,4.8,7.4,9.1,10.2,14.3,888.9,43.17,33080.0,0.0
10920,31.0,83.0,235.0,0.7,3.7,10.0,10.3,14.3,888.9,43.17,33080.0,0.0
10980,42.0,97.0,227.0,0.4,3.6,9.1,10.4,14.4,888.9,43.17,33080.0,0.0
11040,112.0,41.0,310.0,1.6,8.0,12.7,10.5,14.4,888.8,43.17,33080.0,0.0
11100,123.0,70.0,254.0,1.7,7.1,12.2,10.3,14.5,888.8,43.17,33080.0,0.0
11160,76.0,55.0,268.0,0.5,8.1,12.0,10.3,14.5,889.0,43.17,33080.0,0.0
11220,89.0,41.0,270.0,0.9,8.1,13.5,10.4,14.6,888.8,43.17,33080.0,0.0
11280,137.0,66.0,245.0,1.3,4.3,11.6,10.5,14.6,888.5,43.17,33080.0,0.0
11340,35.0,74.0,241.0,0.4,5.1,11.5,10.6,14.5,888.7,43.17,33080.0,0.0
11400,28.0,70.0,106.0,0.9,6.3,12.5,10.5,14.5,888.7,43.17,33080.0,0.0
11460,33.0,54.0,98.0,1.0,9.4,13.4,10.7,14.4,888.8,43.17,33080.0,0.0
11520,33.0,41.0,54.0,10.4,12.8,16.5,10.7,14.4,888.7,43.17,33080.0,0.0
11580,33.0,52.0,81.0,7.4,10.8,13.3,10.7,14.3,888.6,43.17,33080.0,0.0
11640,38.0,54.0,107.0,2.0,10.9,14.0,10.7,14.4,888.6,43.17,33080.0,0.0
11700,34.0,50.0,62.0,7.5,11.7,14.4,10.8,14.3,888.7,43.17,33080.0,0.0
11760,43.0,56.0,113.0,3.4,8.4,10.7,10.7,14.2,888.6,43.17,33080.0,0.0
11820,30.0,45.0,65.0,8.4,12.2,15.4,10.5,14.5,888.4,43.17,33080.0,0.0
11880,44.0,58.0,78.0,6.7,12.1,14.6,10.5,14.6,888.5,43.17,33080.0,0.0
11940,35.0,53.0,76.0,5.4,8.6,12.7,10.6,14.5,888.6,43.17,33080.0,0.0
12000,40.0,61.0,98.0,8.5,11.7,17.3,10.6,14.7,888.3,43.17,33090.0,0.0
12060,159.0,65.0,323.0,0.7,5.2,11.4,10.6,14.6,888.6,43.17,33090.0,0.0
12120,24.0,62.0,69.0,10.8,14.2,16.2,10.5,14.7,888.4,43.17,33090.0,0.0
12180,17.0,60.0,89.0,4.1,9.2,13.4,10.6,14.6,888.5,43.17,33090.0,0.0
12240,22.0,51.0,84.0,4.5,9.9,13.7,10.7,14.6,888.6,43.17,33090.0,0.0
12300,39.0,60.0,88.0,1.6,10.4,15.3,10.5,14.8,888.6,43.17,33090.0,0.0
12360,35.0,55.0,64.0,9.3,12.1,13.9,10.8,14.8,888.5,43.17,33090.0,0.0
12420,58.0,66.0,70.0,11.6,15.2,17.5,10.8,14.9,888.5,43.17,33090.0,0.0
12480,38.0,50.0,67.0,8.6,11.0,14.1,10.9,14.7,888.8,43.17,33090.0,0.0
12540,29.0,54.0,141.0,1.3,10.0,17.1,10.9,14.6,888.2,43.17,33090.0,0.0
12600,154.0,58.0,304.0,0.5,5.6,10.1,10.8,14.7,888.6,43.17,33090.0,0.0
12660,39.0,56.0,64.0,9.1,13.2,15.9,10.7,14.7,888.4,43.17,33090.0,0.0
12720,66.0,70.0,73.0,16.2,17.2,17.9,10.8,15.2,888.4,43.17,33090.0,0.0
12780,107.0,47.0,309.0,0.6,9.1,14.7,10.9,14.8,888.5,43.17,33090.0,0.0
12840,52.0,67.0,79.0,9.8,11.7,13.3,11.0,14.9,888.6,43.17,33090.0,0.0
12900,66.0,68.0,71.0,14.0,14.8,16.0,10.9,14.7,888.6,43.17,33090.0,0.0
12960,53.0,62.0,68.0,11.0,13.0,14.7,10.7,14.6,888.5,43.17,33090.0,0.0
13020,42.0,65.0,81.0,6.5,9.3,10.9,10.9,14.5,888.7,43.17,33090.0,0.0
13080,65.0,70.0,78.0,15.9,17.1,18.2,10.8,15.3,888.5,43.17,33090.0,0.0
13140,44.0,60.0,67.0,7.5,10.9,12.6,10.9,14.9,888.7,43.17,33090.0,0.0
13200,40.0,62.0,69.0,9.3,13.1,16.5,10.8,14.6,888.6,43.17,33090.0,0.0
13260,42.0,57.0,68.0,7.5,10.2,13.0,10.9,14.8,888.8,43.17,33090.0,0.0
13320,35.0,51.0,64.0,6.4,10.1,12.1,10.8,14.5,888.8,43.17,33090.0,0.0
13380,29.0,45.0,62.0,6.2,9.6,12.0,10.7,14.6,888.9,43.17,33090.0,0.0
13440,44.0,60.0,67.0,6.9,9.5,11.0,10.5,14.7,888.8,43.17,33090.0,0.0
13500,51.0,63.0,73.0,6.9,8.3,10.1,10.5,14.8,888.8,43.17,33090.0,0.0
13560,35.0,48.0,81.0,6.1,9.7,13.0,10.5,14.8,888.7,43.17,33090.0,0.0
13620,111.0,54.0,319.0,0.4,7.6,15.2,10.4,14.9,888.6,43.17,33090.0,0.0
13680,103.0,54.0,330.0,1.9,7.9,12.3,10.4,15.1,888.7,43.17,33090.0,0.0
13740,42.0,56.0,64.0,8.8,10.9,13.4,10.5,15.1,888.6,43.17,33090.0,0.0
13800,40.0,55.0,65.0,9.1,12.1,14.6,10.6,15.1,888.6,43.17,33090.0,0.0
13860,32.0,49.0,58.0,9.0,12.7,17.2,10.7,15.0,888.6,43.17,33090.0,0.0
13920,37.0,49.0,65.0,8.7,11.6,13.7,10.7,15.0,888.6,43.17,33090.0,0.0
13980,54.0,64.0,82.0,9.1,11.5,13.5,10.8,15.2,888.6,43.17,33090.0,0.0
14040,35.0,54.0,66.0,9.4,12.4,16.6,10.8,15.0,888.6,43.17,33090.0,0.0
14100,32.0,58.0,154.0,2.0,7.4,10.3,10.8,15.0,888.5,43.17,33090.0,0.0
14160,141.0,48.0,343.0,2.0,8.2,12.0,10.7,15.1,888.7,43.17,33090.0,0.0
14220,45.0,55.0,64.0,9.0,12.6,15.2,10.7,15.1,888.5,43.17,33090.0,0.0
14280,47.0,58.0,69.0,8.3,10.7,13.6,10.8,15.0,888.5,43.17,33090.0,0.0
14340,37.0,50.0,62.0,8.7,10.8,13.9,10.8,14.8,888.7,43.17,33090.0,0.0
14400,37.0,52.0,68.0,7.7,9.6,11.6,10.7,14.9,888.7,43.17,33090.0,0.0
14460,56.0,63.0,68.0,10.8,12.8,15.3,10.7,15.0,888.6,43.17,33090.0,0.0
14520,38.0,58.0,65.0,8.3,11.3,14.7,10.8,15.0,888.5,43.17,33090.0,0.0
14580,45.0,56.0,62.0,8.6,10.9,14.5,10.8,14.9,888.6,43.17,33090.0,0.0
14640,50.0,60.0,66.0,9.1,9.8,11.0,10.7,15.0,888.7,43.17,33090.0,0.0
14700,122.0,63.0,328.0,1.1,5.3,8.6,10.7,14.9,888.7,43.17,33090.0,0.0
14760,23.0,51.0,97.0,1.4,8.1,11.6,10.5,15.0,888.7,43.17,33090.0,0.0
14820,34.0,49.0,62.0,9.2,11.0,13.2,10.2,15.3,888.6,43.17,33090.0,0.0
14880,135.0,74.0,318.0,0.4,6.2,11.2,10.4,15.1,888.8,43.17,33090.0,0.0
14940,117.0,59.0,316.0,1.9,6.1,10.7,10.5,15.2,888.7,43.17,33090.0,0.0
15000,3.0,75.0,171.0,0.7,5.0,9.2,10.4,15.3,888.8,43.17,33090.0,0.0
15060,110.0,49.0,357.0,2.8,6.6,11.8,10.2,15.4,888.9,43.17,33090.0,0.0
15120,14.0,63.0,130.0,1.4,4.6,7.6,10.2,15.3,889.1,43.17,33090.0,0.0
15180,216.0,105.0,293.0,0.7,1.5,2.6,10.2,15.5,889.0,43.17,33090.0,0.0
15240,97.0,34.0,289.0,0.4,1.4,3.0,10.2,15.4,889.0,43.17,33090.0,0.0
15300,136.0,83.0,314.0,0.4,1.4,2.3,10.2,15.3,889.0,43.17,33090.0,0.0
15360,13.0,44.0,87.0,1.9,5.2,7.9,10.3,15.4,889.0,43.17,33090.0,0.0
15420,166.0,45.0,276.0,0.7,3.2,6.5,10.2,15.5,888.9,43.17,33090.0,0.0
15480,78.0,35.0,242.0,1.1,6.4,11.4,10.1,15.6,889.1,43.17,33090.0,0.0
15540,77.0,33.0,297.0,0.8,4.9,9.0,10.2,15.6,889.1,43.17,33090.0,0.0
15600,73.0,237.0,357.0,0.2,1.1,2.5,10.1,15.6,889.1,43.17,33090.0,0.0
15660,121.0,70.0,308.0,1.2,4.9,9.0,10.2,15.5,888.9,43.17,33090.0,0.0
15720,118.0,79.0,346.0,0.4,1.5,4.5,10.2,15.5,888.7,43.17,33090.0,0.0
15780,15.0,81.0,114.0,3.8,6.2,8.8,10.2,15.5,888.9,43.17,33090.0,0.0
15840,115.0,65.0,125.0,0.5,4.5,10.5,10.2,15.5,889.0,43.17,33090.0,0.0
15900,15.0,65.0,130.0,0.9,3.7,9.4,10.2,15.7,889.0,43.17,33090.0,0.0
15960,271.0,93.0,312.0,0.2,0.7,1.2,10.2,15.6,889.0,43.17,33090.0,0.0
16020,20.0,83.0,114.0,0.8,3.4,5.9,10.2,15.6,889.0,43.17,33090.0,0.0
16080,24.0,72.0,145.0,0.4,5.7,9.8,10.2,15.6,888.9,43.17,33090.0,0.0
16140,46.0,56.0,67.0,7.1,9.2,12.2,10.3,15.6,888.9,43.17,33090.0,0.0
16200,3.0,61.0,124.0,1.4,4.4,7.3,10.5,15.5,888.9,43.17,33090.0,0.0
16260,43.0,56.0,65.0,6.2,9.2,12.3,10.5,15.4,889.0,43.17,33090.0,0.0
16320,54.0,61.0,68.0,8.3,11.1,13.2,10.6,15.4,888.8,43.17,33090.0,0.0
16380,38.0,54.0,68.0,7.3,9.8,12.8,10.7,15.2,888.8,43.17,33090.0,0.0
16440,43.0,53.0,64.0,6.4,9.5,11.9,10.8,15.4,888.8,43.17,33090.0,0.0
16500,24.0,44.0,65.0,3.6,9.6,14.8,10.9,15.1,888.8,43.17,33090.0,0.0
16560,40.0,54.0,69.0,8.3,10.7,14.5,10.9,15.5,888.7,43.17,33090.0,0.0
16620,40.0,53.0,64.0,7.0,9.8,11.9,10.9,15.1,888.8,43.17,33090.0,0.0
16680,24.0,50.0,75.0,2.2,7.3,11.6,10.9,15.0,888.9,43.17,33090.0,0.0
16740,30.0,58.0,97.0,2.9,7.0,9.4,10.7,15.3,888.8,43.17,33090.0,0.0
16800,65.0,73.0,81.0,12.4,13.4,14.7,10.8,15.6,888.8,43.17,33090.0,0.0
16860,69.0,75.0,82.0,13.9,15.3,17.2,11.1,15.4,888.6,43.17,33090.0,0.0
16920,43.0,58.0,65.0,11.0,12.6,14.1,11.5,15.7,888.6,43.17,33090.0,0.0
16980,65.0,68.0,73.0,14.4,15.4,17.2,11.6,15.5,888.7,43.17,33090.0,0.0
17040,76.0,81.0,85.0,12.5,14.4,15.3,11.6,15.7,888.8,43.17,33090.0,0.0
17100,79.0,85.0,89.0,10.6,12.6,13.5,11.4,15.6,888.8,43.17,33090.0,0.0
17160,80.0,86.0,94.0,13.5,14.8,16.2,11.5,15.7,888.7,43.17,33090.0,0.0
17220,67.0,75.0,85.0,11.1,12.5,13.9,11.5,15.9,888.9,43.17,33090.0,0.0
17280,81.0,87.0,99.0,10.9,12.8,14.0,11.5,16.0,888.9,43.17,33090.0,0.0
17340,89.0,95.0,100.0,11.0,12.1,13.1,11.3,15.7,888.7,43.17,33090.0,0.0
17400,63.0,85.0,97.0,10.2,11.7,13.2,11.3,16.3,889.0,43.17,33090.0,0.0
17460,73.0,84.0,90.0,8.7,10.3,12.5,11.4,15.8,888.9,43.17,33090.0,0.0
17520,80.0,86.0,90.0,12.8,14.2,16.2,11.4,16.1,888.8,43.17,33090.0,0.0
17580,51.0,70.0,87.0,5.5,9.4,13.3,11.2,16.1,888.9,43.17,33090.0,0.0
17640,80.0,87.0,95.0,11.1,13.7,15.8,11.3,16.5,888.9,43.17,33090.0,0.0
17700,80.0,85.0,88.0,10.8,11.9,12.6,11.4,16.3,889.0,43.17,33090.0,0.0
17760,45.0,63.0,71.0,6.0,7.6,9.6,11.3,16.4,889.1,43.17,33090.0,0.0
17820,76.0,84.0,90.0,7.1,8.4,9.7,11.2,16.4,889.2,43.17,33090.0,0.0
17880,50.0,77.0,110.0,4.6,6.9,8.8,11.2,16.5,889.2,43.17,33090.0,0.0
17940,68.0,79.0,96.0,6.5,8.3,9.8,11.1,16.7,889.3,43.17,33090.0,0.0
18000,74.0,81.0,89.0,10.1,11.7,14.3,11.1,18.1,889.1,43.17,33090.0,0.0
18060,58.0,74.0,92.0,10.6,11.8,14.1,11.3,17.4,889.0,43.17,33090.0,0.0
18120,70.0,79.0,86.0,9.5,11.0,13.4,11.3,17.8,889.2,43.17,33090.0,0.0
18180,81.0,88.0,108.0,13.6,14.6,15.8,11.2,17.6,889.1,43.17,33090.0,0.0
18240,71.0,85.0,100.0,7.9,10.0,11.4,11.4,17.3,889.3,43.17,33090.0,0.0
18300,70.0,80.0,90.0,8.6,9.8,10.9,11.4,17.1,889.4,43.17,33090.0,0.0
18360,36.0,68.0,93.0,4.1,6.5,8.4,11.2,17.3,889.4,43.17,33090.0,0.0
18420,50.0,75.0,105.0,5.5,9.1,12.4,11.0,17.4,889.3,43.17,33090.0,0.0
18480,64.0,79.0,110.0,8.3,12.9,15.3,10.9,17.5,889.1,43.17,33090.0,0.0
18540,39.0,64.0,104.0,4.1,9.1,12.8,11.0,17.5,889.3,43.17,33090.0,0.0
18600,51.0,61.0,67.0,9.8,12.9,16.0,11.2,17.6,889.2,43.17,33090.0,0.0
18660,32.0,52.0,87.0,8.1,13.5,18.4,11.3,17.4,888.5,43.17,33090.0,0.0
18720,67.0,80.0,107.0,3.9,12.1,13.9,11.3,17.4,889.3,43.17,33090.0,0.0
18780,43.0,76.0,105.0,5.3,9.2,12.5,11.3,17.4,889.1,43.17,33090.0,0.0
18840,51.0,92.0,133.0,1.4,7.0,9.0,11.2,17.5,889.1,43.17,33090.0,0.0
18900,63.0,71.0,81.0,10.1,11.5,12.5,11.1,17.6,889.2,43.17,33090.0,0.0
18960,64.0,87.0,129.0,1.7,8.4,10.8,11.2,17.6,889.3,43.17,33090.0,0.0
19020,63.0,73.0,89.0,8.5,10.7,12.7,11.3,17.6,889.1,43.17,33090.0,0.0
19080,45.0,63.0,81.0,7.6,10.3,14.1,11.2,17.4,889.0,43.17,33090.0,0.0
19140,27.0,60.0,84.0,5.6,12.0,19.1,11.1,17.6,888.7,43.17,33090.0,0.0
19200,57.0,68.0,82.0,9.4,13.6,18.9,11.1,17.6,888.7,43.17,33090.0,0.0
19260,107.0,67.0,308.0,1.7,7.3,14.7,11.1,17.4,888.8,43.17,33090.0,0.0
19320,43.0,64.0,96.0,8.9,12.6,15.0,11.1,18.0,888.7,43.17,33090.0,0.0
19380,1.0,74.0,153.0,2.3,6.5,11.9,11.1,17.8,888.7,43.17,33100.0,0.1
19440,34.0,59.0,88.0,4.4,9.5,13.7,11.2,17.6,888.5,43.17,33100.0,0.0
19500,66.0,70.0,78.0,17.3,20.3,22.9,11.4,17.6,888.0,43.17,33100.0,0.0
19560,49.0,67.0,100.0,13.1,17.1,20.2,11.4,17.3,888.4,43.17,33100.0,0.0
19620,42.0,73.0,107.0,8.4,12.8,19.1,11.4,17.8,888.3,43.17,33100.0,0.0
19680,42.0,81.0,112.0,3.8,9.3,13.7,11.2,17.4,888.6,43.17,33100.0,0.0
19740,63.0,74.0,88.0,9.3,15.2,19.2,11.1,17.8,888.5,43.17,33100.0,0.0
19800,63.0,78.0,94.0,11.3,18.2,22.5,11.3,18.6,888.1,43.17,33100.0,0.0
19860,26.0,57.0,78.0,8.8,12.4,17.5,11.6,17.5,888.2,43.17,33100.0,0.0
19920,106.0,47.0,306.0,2.5,7.6,13.4,11.4,17.8,888.4,43.17,33100.0,0.0
19980,28.0,61.0,102.0,5.4,10.1,14.9,11.3,17.7,888.7,43.17,33100.0,0.0
20040,30.0,69.0,124.0,2.1,8.6,19.0,11.3,17.4,888.3,43.17,33100.0,0.0
20100,121.0,56.0,316.0,1.6,7.0,15.3,11.2,17.7,888.4,43.17,33100.0,0.0
20160,41.0,64.0,82.0,9.0,12.9,17.2,11.2,17.8,888.4,43.17,33100.0,0.0
20220,56.0,68.0,79.0,12.5,18.0,22.8,11.2,17.9,888.2,43.17,33100.0,0.0
20280,36.0,58.0,80.0,5.6,9.7,14.8,11.2,18.0,888.2,43.17,33100.0,0.0
20340,17.0,85.0,177.0,1.7,8.7,16.7,11.3,17.8,888.4,43.17,33100.0,0.0
20400,37.0,58.0,75.0,4.7,9.2,13.6,11.2,17.8,888.3,43.17,33100.0,0.0
20460,29.0,71.0,157.0,1.8,8.8,14.9,11.0,17.9,888.5,43.17,33100.0,0.0
20520,93.0,70.0,283.0,1.7,6.7,13.0,10.9,17.8,888.4,43.17,33100.0,0.0
20580,20.0,56.0,100.0,3.7,8.5,18.2,11.1,17.8,888.4,43.17,33100.0,0.0
20640,53.0,65.0,73.0,12.4,16.7,20.3,11.4,17.9,888.3,43.17,33100.0,0.0
20700,56.0,65.0,72.0,13.3,17.2,20.8,11.4,17.8,888.1,43.17,33100.0,0.0
20760,38.0,66.0,83.0,9.7,13.5,17.0,11.6,17.8,888.4,43.17,33100.0,0.0
20820,66.0,70.0,74.0,18.0,19.9,21.1,11.5,17.8,888.1,43.17,33100.0,0.0
20880,53.0,66.0,80.0,12.1,18.1,21.4,11.7,18.0,888.2,43.17,33100.0,0.0
20940,62.0,79.0,89.0,15.9,19.5,21.7,11.8,17.7,888.2,43.17,33100.0,0.0
21000,58.0,68.0,78.0,14.7,19.6,21.4,11.9,17.6,888.3,43.17,33100.0,0.0
21060,66.0,70.0,78.0,16.2,20.1,24.1,11.9,18.0,888.0,43.17,33100.0,0.0
21120,67.0,72.0,79.0,17.2,18.9,19.8,11.9,17.6,888.1,43.17,33100.0,0.0
21180,66.0,68.0,73.0,17.2,18.8,20.3,11.7,17.4,888.1,43.17,33100.0,0.0
21240,31.0,58.0,78.0,8.0,12.1,17.6,11.6,17.2,888.6,43.17,33100.0,0.0
21300,73.0,77.0,82.0,19.0,20.2,21.8,11.4,18.3,888.2,43.17,33100.0,0.0
21360,76.0,81.0,85.0,18.7,19.6,20.8,11.6,17.7,888.2,43.17,33100.0,0.0
21420,69.0,76.0,80.0,20.2,21.2,22.6,11.5,17.5,888.0,43.17,33100.0,0.0
21480,71.0,78.0,83.0,15.4,18.8,20.2,11.5,17.6,888.3,43.17,33100.0,0.0
21540,73.0,77.0,83.0,18.3,19.8,20.4,11.5,18.2,888.3,43.17,33100.0,0.0
21600,70.0,75.0,81.0,18.3,19.7,21.2,11.8,18.2,888.3,43.17,33100.0,0.0
21660,62.0,76.0,84.0,14.0,18.5,21.5,11.8,17.4,888.4,43.17,33100.0,0.0
21720,73.0,81.0,86.0,17.3,18.5,19.6,11.8,18.0,888.5,43.17,33100.0,0.0
21780,79.0,85.0,104.0,14.0,18.0,20.5,11.7,17.8,888.6,43.17,33100.0,0.0
21840,70.0,78.0,83.0,18.0,19.7,20.9,11.5,18.2,888.3,43.17,33100.0,0.0
21900,78.0,82.0,85.0,17.5,18.8,19.5,11.7,17.7,888.5,43.17,33100.0,0.0
21960,69.0,79.0,85.0,17.3,19.0,23.0,11.8,17.7,888.5,43.17,33100.0,0.0
22020,70.0,83.0,104.0,13.1,16.1,19.4,11.8,17.8,888.5,43.17,33100.0,0.0
22080,65.0,70.0,73.0,16.0,20.0,21.0,11.6,17.9,888.3,43.17,33100.0,0.0
22140,61.0,67.0,71.0,14.5,19.0,21.6,11.5,17.8,888.4,43.17,33100.0,0.0
22200,61.0,67.0,71.0,17.1,19.6,21.6,11.3,17.5,888.4,43.17,33100.0,0.0
22260,67.0,74.0,84.0,16.8,19.1,21.1,11.4,17.8,888.6,43.17,33100.0,0.0
22320,66.0,69.0,75.0,16.7,18.1,19.1,11.3,17.5,888.6,43.17,33100.0,0.0
22380,68.0,71.0,78.0,16.8,18.4,19.9,11.1,18.4,888.5,43.17,33100.0,0.0
22440,61.0,66.0,70.0,19.5,21.4,23.8,11.3,17.5,888.2,43.17,33100.0,0.0
22500,62.0,72.0,85.0,11.4,15.9,19.1,11.3,17.6,888.8,43.17,33100.0,0.0
22560,52.0,63.0,74.0,10.8,14.8,21.2,11.2,17.5,888.7,43.17,33100.0,0.0
22620,56.0,68.0,83.0,15.3,18.6,21.3,11.4,18.2,888.5,43.17,33100.0,0.0
22680,49.0,68.0,74.0,14.6,17.7,19.1,11.3,17.7,888.7,43.17,33100.0,0.0
22740,68.0,73.0,80.0,17.4,18.5,19.5,11.4,18.0,888.7,43.17,33100.0,0.0
22800,69.0,72.0,81.0,18.0,20.1,21.1,11.3,18.5,888.6,43.17,33100.0,0.0
22860,56.0,70.0,78.0,16.2,18.0,20.9,11.3,17.8,888.7,43.17,33100.0,0.0
22920,69.0,73.0,80.0,17.3,18.4,19.7,11.5,18.0,888.6,43.17,33100.0,0.0
22980,61.0,72.0,85.0,17.0,19.7,21.7,11.3,17.7,888.5,43.17,33100.0,0.0
23040,72.0,76.0,79.0,21.4,22.3,23.2,11.3,17.7,888.3,43.17,33100.0,0.0
23100,71.0,81.0,86.0,20.0,21.9,24.0,11.4,18.2,888.3,43.17,33100.0,0.0
23160,82.0,84.0,87.0,22.8,23.4,24.4,11.5,18.3,888.3,43.17,33100.0,0.0
23220,80.0,83.0,84.0,22.1,23.2,23.9,11.5,18.4,888.4,43.17,33100.0,0.0
23280,68.0,75.0,83.0,20.9,22.6,25.6,11.5,17.5,888.5,43.17,33100.0,0.0
23340,68.0,75.0,82.0,18.5,21.2,23.4,11.4,18.4,888.8,43.17,33100.0,0.0
23400,73.0,79.0,84.0,19.0,21.4,23.0,11.4,17.5,888.5,43.17,33100.0,0.0
23460,69.0,81.0,87.0,18.0,21.1,24.5,11.5,17.7,888.6,43.17,33100.0,0.0
23520,84.0,86.0,88.0,22.6,24.3,25.3,11.4,18.5,888.1,43.17,33100.0,0.0
23580,83.0,85.0,89.0,23.5,24.2,25.3,11.4,18.5,888.1,43.17,33100.0,0.0
23640,77.0,82.0,85.0,22.2,23.5,24.5,11.4,17.3,888.3,43.17,33100.0,0.0
23700,78.0,84.0,89.0,23.4,25.1,27.0,11.3,17.5,888.2,43.17,33100.0,0.0
23760,65.0,80.0,90.0,21.5,23.0,25.0,11.4,17.3,888.5,43.17,33100.0,0.0
23820,74.0,84.0,90.0,19.7,22.2,25.6,11.3,17.5,888.7,43.17,33100.0,0.0
23880,77.0,82.0,84.0,22.3,23.8,25.6,11.2,17.5,888.4,43.17,33100.0,0.0
23940,78.0,83.0,86.0,22.6,23.7,25.2,11.2,17.7,888.4,43.17,33100.0,0.0
24000,70.0,84.0,102.0,14.1,19.7,24.1,11.3,17.3,888.5,43.17,33100.0,0.0
24060,79.0,82.0,86.0,22.9,24.6,25.9,11.2,17.7,888.5,43.17,33100.0,0.0
24120,79.0,84.0,88.0,25.1,26.4,27.9,11.1,17.4,888.4,43.17,33100.0,0.0
24180,85.0,88.0,92.0,24.2,25.1,26.8,11.3,17.5,888.2,43.17,33100.0,0.0
24240,83.0,87.0,89.0,25.8,27.1,28.3,11.3,17.6,888.2,43.17,33100.0,0.0
24300,84.0,87.0,90.0,25.4,26.4,27.3,11.4,17.5,888.2,43.17,33100.0,0.0
24360,83.0,88.0,93.0,23.4,26.4,28.0,11.3,17.4,888.3,43.17,33100.0,0.0
24420,84.0,89.0,94.0,22.5,24.1,25.1,11.4,17.4,888.5,43.17,33100.0,0.0
24480,85.0,89.0,91.0,21.3,23.1,24.2,11.3,17.3,888.7,43.17,33100.0,0.0
24540,82.0,85.0,87.0,25.0,26.6,28.4,11.4,17.5,888.2,43.17,33100.0,0.0
24600,82.0,87.0,94.0,19.2,23.8,25.8,11.4,17.1,888.6,43.17,33100.0,0.0
24660,85.0,88.0,92.0,24.3,26.4,29.0,11.4,17.5,888.3,43.17,33100.0,0.0
24720,84.0,88.0,91.0,21.7,23.1,25.6,11.3,17.5,888.4,43.17,33100.0,0.0
24780,85.0,93.0,99.0,21.2,23.3,26.3,11.3,18.0,888.2,43.17,33100.0,0.0
24840,81.0,87.0,93.0,21.6,24.6,27.8,11.4,17.6,888.1,43.17,33100.0,0.0
24900,72.0,80.0,87.0,19.5,22.3,24.8,11.4,17.2,888.6,43.17,33100.0,0.0
24960,81.0,85.0,89.0,21.3,23.0,25.4,11.3,17.3,888.5,43.17,33100.0,0.0
25020,87.0,92.0,98.0,20.3,23.7,25.7,11.3,17.3,888.5,43.17,33100.0,0.0
25080,80.0,84.0,89.0,24.3,25.7,26.8,11.4,17.3,888.6,43.17,33100.0,0.0
25140,82.0,86.0,94.0,20.2,24.6,26.5,11.3,17.3,888.3,43.17,33100.0,0.0
25200,82.0,88.0,95.0,22.7,25.6,27.1,11.3,17.4,888.3,43.17,33100.0,0.0
25260,79.0,85.0,101.0,23.4,27.5,30.5,11.4,17.3,888.2,43.17,33100.0,0.0
25320,80.0,84.0,90.0,20.0,21.0,22.3,11.5,17.7,888.8,43.17,33100.0,0.0
25380,84.0,87.0,101.0,25.6,27.1,29.4,11.4,17.6,888.3,43.17,33100.0,0.0
25440,84.0,86.0,89.0,26.4,27.1,27.9,11.5,17.4,888.2,43.17,33100.0,0.0
25500,82.0,87.0,89.0,24.1,25.8,27.5,11.5,17.6,888.4,43.17,33100.0,0.0
25560,81.0,86.0,99.0,21.9,25.7,29.5,11.6,17.4,888.3,43.17,33100.0,0.0
25620,82.0,86.0,89.0,25.6,26.9,28.1,11.6,17.0,888.3,43.17,33100.0,0.0
25680,80.0,84.0,87.0,25.3,26.6,29.3,11.6,17.4,888.3,43.17,33100.0,0.0
25740,78.0,88.0,95.0,17.0,23.4,26.8,11.4,16.9,888.9,43.17,33100.0,0.0
25800,82.0,87.0,92.0,22.0,25.5,27.9,11.5,17.5,888.6,43.17,33100.0,0.0
25860,84.0,87.0,96.0,19.7,25.5,27.5,11.5,17.9,888.3,43.17,33100.0,0.0
25920,79.0,83.0,86.0,23.2,24.1,25.2,11.5,17.0,888.6,43.17,33100.0,0.0
25980,81.0,85.0,90.0,22.4,25.0,27.0,11.5,17.2,888.4,43.17,33100.0,0.0
26040,83.0,85.0,88.0,26.6,28.1,29.7,11.5,18.2,888.1,43.17,33100.0,0.0
26100,85.0,88.0,97.0,21.8,24.4,25.9,11.7,16.4,888.2,43.17,33100.0,0.0
26160,86.0,89.0,94.0,19.4,24.6,27.7,11.5,18.0,888.1,43.17,33100.0,0.0
26220,85.0,87.0,91.0,25.0,26.6,28.0,11.6,17.4,888.2,43.17,33100.0,0.0
26280,76.0,85.0,89.0,20.3,23.0,26.0,11.8,17.5,888.3,43.17,33100.0,0.0
26340,84.0,86.0,90.0,23.9,25.4,26.3,11.7,16.7,888.3,43.17,33100.0,0.0
26400,83.0,88.0,94.0,19.6,21.5,23.4,11.5,17.3,888.6,43.17,33100.0,0.0
26460,80.0,83.0,92.0,24.5,26.4,29.8,11.4,16.8,888.2,43.17,33100.0,0.0
26520,81.0,87.0,91.0,20.8,22.8,26.1,11.4,17.1,888.5,43.17,33100.0,0.0
26580,83.0,88.0,95.0,21.2,23.2,25.2,11.4,16.6,888.3,43.17,33100.0,0.0
26640,82.0,88.0,97.0,19.5,24.1,28.1,11.3,16.7,888.3,43.17,33100.0,0.0
26700,79.0,87.0,98.0,19.4,21.9,24.3,11.3,16.7,888.4,43.17,33100.0,0.0
26760,84.0,87.0,91.0,24.4,26.8,28.4,11.4,17.0,888.2,43.17,33100.0,0.0
26820,80.0,84.0,92.0,21.3,24.3,27.6,11.5,17.9,888.3,43.17,33100.0,0.0
26880,83.0,91.0,103.0,18.2,22.1,27.6,11.5,16.2,888.6,43.17,33100.0,0.0
26940,76.0,87.0,91.0,22.4,24.7,27.8,11.5,16.7,888.4,43.17,33100.0,0.0
27000,83.0,86.0,89.0,26.4,28.3,29.6,11.5,17.3,888.0,43.17,33100.0,0.0
27060,84.0,87.0,90.0,25.6,26.4,27.8,11.5,17.3,888.1,43.17,33100.0,0.0
27120,78.0,85.0,90.0,22.3,27.0,29.4,11.3,16.5,888.0,43.17,33100.0,0.0
27180,86.0,89.0,95.0,21.3,24.0,25.8,11.4,16.6,888.3,43.17,33100.0,0.0
27240,86.0,90.0,95.0,20.9,22.9,25.1,11.4,17.2,888.4,43.17,33100.0,0.0
27300,86.0,97.0,114.0,18.8,22.7,26.2,11.3,17.0,888.4,43.17,33100.0,0.0
27360,85.0,88.0,92.0,26.3,27.5,28.3,11.5,16.7,887.9,43.17,33100.0,0.0
27420,81.0,85.0,88.0,25.8,27.1,28.5,11.5,16.5,888.0,43.17,33100.0,0.0
27480,83.0,87.0,90.0,24.7,26.7,28.6,11.6,16.6,888.5,43.17,33100.0,0.0
27540,80.0,90.0,96.0,20.2,23.6,29.1,11.6,17.1,888.3,43.17,33100.0,0.0
27600,87.0,90.0,96.0,21.5,24.8,27.8,11.7,16.7,888.4,43.17,33100.0,0.0
27660,87.0,90.0,93.0,22.3,25.6,27.0,11.6,16.2,888.4,43.17,33100.0,0.0
27720,84.0,88.0,90.0,23.6,25.3,27.3,11.5,16.7,888.5,43.17,33100.0,0.0
27780,84.0,85.0,94.0,24.3,27.7,29.2,11.5,17.6,888.2,43.17,33100.0,0.0
27840,86.0,92.0,100.0,19.8,23.8,27.1,11.8,17.3,888.5,43.17,33100.0,0.0
27900,86.0,89.0,93.0,20.0,26.0,28.2,11.8,16.7,888.5,43.17,33100.0,0.0
27960,85.0,88.0,91.0,25.8,27.2,28.7,11.7,17.2,888.2,43.17,33100.0,0.0
28020,84.0,89.0,97.0,21.6,25.4,27.1,11.6,16.7,888.6,43.17,33100.0,0.0
28080,86.0,89.0,96.0,21.1,25.1,27.3,11.8,17.1,888.6,43.17,33100.0,0.0
28140,87.0,89.0,97.0,21.1,23.5,25.5,11.8,17.0,888.7,43.17,33100.0,0.0
28200,82.0,86.0,93.0,19.9,22.8,23.8,11.9,17.0,888.9,43.17,33100.0,0.0
28260,82.0,87.0,90.0,24.3,25.4,26.6,11.7,17.5,888.5,43.17,33100.0,0.0
28320,85.0,89.0,93.0,21.8,25.0,26.9,11.9,16.6,888.5,43.17,33100.0,0.0
28380,88.0,91.0,98.0,22.5,24.6,26.8,11.8,16.6,888.6,43.17,33100.0,0.0
28440,83.0,87.0,90.0,24.0,26.1,27.6,11.8,17.1,888.7,43.17,33100.0,0.0
28500,81.0,86.0,89.0,24.0,25.4,26.5,11.9,17.3,888.7,43.17,33100.0,0.0
28560,87.0,90.0,93.0,21.3,23.2,25.0,12.0,16.9,888.8,43.17,33100.0,0.0
28620,88.0,93.0,97.0,21.4,23.2,26.4,11.9,16.8,888.7,43.17,33100.0,0.0
28680,79.0,87.0,90.0,20.7,23.0,24.7,11.9,16.6,889.1,43.17,33100.0,0.0
28740,86.0,91.0,95.0,21.4,23.3,26.3,11.9,16.6,888.7,43.17,33100.0,0.0
28800,82.0,91.0,104.0,16.4,19.8,23.7,11.9,17.3,889.3,43.17,33100.0,0.0
28860,88.0,92.0,97.0,19.5,21.5,25.8,11.9,16.3,888.9,43.17,33100.0,0.0
28920,85.0,90.0,95.0,18.6,22.0,24.7,11.8,16.6,888.8,43.17,33100.0,0.0
28980,88.0,90.0,94.0,19.6,22.2,24.4,11.8,16.4,888.9,43.17,33100.0,0.0
29040,85.0,89.0,92.0,21.1,23.6,24.6,11.8,16.8,889.0,43.17,33100.0,0.0
29100,82.0,88.0,95.0,20.5,22.9,25.1,11.7,16.6,889.2,43.17,33100.0,0.0
29160,85.0,89.0,95.0,19.6,23.1,24.9,11.8,16.6,889.1,43.17,33100.0,0.0
29220,87.0,90.0,92.0,20.5,22.4,24.2,11.9,16.6,889.0,43.17,33100.0,0.0
29280,87.0,93.0,101.0,17.4,19.5,21.7,11.9,16.6,889.2,43.17,33100.0,0.0
29340,89.0,90.0,91.0,22.3,23.7,24.9,11.9,17.2,888.9,43.17,33100.0,0.0
29400,86.0,91.0,96.0,19.0,21.2,23.7,12.0,17.0,889.1,43.17,33100.0,0.0
29460,87.0,91.0,96.0,19.3,21.6,23.4,12.0,17.1,889.1,43.17,33100.0,0.0
29520,78.0,89.0,105.0,15.3,19.8,24.1,12.0,16.7,889.4,43.17,33100.0,0.0
29580,89.0,91.0,94.0,18.7,20.5,21.5,12.0,16.9,889.2,43.17,33100.0,0.0
29640,87.0,90.0,93.0,19.3,20.2,21.3,12.0,17.3,889.5,43.17,33100.0,0.0
29700,96.0,101.0,108.0,16.4,18.7,20.7,12.0,16.5,889.4,43.17,33100.0,0.0
29760,82.0,92.0,101.0,16.2,17.8,20.8,12.0,17.0,889.5,43.17,33100.0,0.0
29820,88.0,92.0,100.0,16.9,18.9,22.0,12.0,17.7,889.6,43.17,33100.0,0.0
29880,88.0,90.0,93.0,17.2,19.6,20.9,12.1,17.2,889.5,43.17,33100.0,0.0
29940,90.0,98.0,104.0,18.6,20.2,22.2,12.1,16.6,889.4,43.17,33100.0,0.0
30000,86.0,92.0,97.0,16.9,19.4,22.0,12.1,16.5,889.5,43.17,33100.0,0.0
30060,87.0,89.0,91.0,19.3,20.3,21.4,12.1,16.8,889.6,43.17,33100.0,0.0
30120,88.0,91.0,96.0,17.7,19.6,20.9,12.1,16.8,889.5,43.17,33100.0,0.0
30180,91.0,95.0,100.0,18.1,19.0,20.0,12.1,16.2,889.5,43.17,33100.0,0.0
30240,87.0,91.0,95.0,16.2,19.4,23.7,12.0,16.2,889.6,43.17,33100.0,0.0
30300,88.0,93.0,96.0,15.0,18.2,20.4,12.1,16.5,889.6,43.17,33100.0,0.0
30360,81.0,86.0,91.0,19.9,21.8,23.1,12.1,16.0,889.5,43.17,33100.0,0.0
30420,86.0,89.0,95.0,18.5,20.9,22.4,12.0,16.0,889.4,43.17,33100.0,0.0
30480,88.0,91.0,96.0,17.1,20.1,22.6,12.1,16.0,889.5,43.17,33100.0,0.0
30540,85.0,89.0,93.0,18.7,21.3,22.9,12.1,16.2,889.5,43.17,33100.0,0.0
30600,87.0,91.0,98.0,17.5,20.9,24.0,12.2,16.1,889.4,43.17,33100.0,0.0
30660,81.0,89.0,97.0,16.6,18.6,20.1,12.1,16.0,889.6,43.17,33100.0,0.0
30720,94.0,99.0,105.0,17.2,19.0,20.8,12.1,17.2,889.3,43.17,33100.0,0.0
30780,85.0,88.0,90.0,20.2,21.7,22.4,12.1,16.0,889.4,43.17,33100.0,0.0
30840,84.0,87.0,89.0,18.9,20.6,23.1,12.1,16.2,889.7,43.17,33100.0,0.0
30900,81.0,87.0,93.0,18.2,19.7,21.0,12.2,16.8,889.6,43.17,33100.0,0.0
30960,85.0,93.0,99.0,14.5,16.7,17.9,12.2,16.1,889.7,43.17,33100.0,0.0
31020,84.0,100.0,106.0,17.5,18.7,20.0,12.2,17.6,889.6,43.17,33100.0,0.0
31080,79.0,84.0,91.0,17.3,20.9,23.2,12.2,16.2,889.6,43.17,33100.0,0.0
31140,84.0,88.0,91.0,18.1,19.4,20.8,12.2,16.8,889.8,43.17,33100.0,0.0
31200,81.0,87.0,90.0,18.1,20.5,23.4,12.2,16.7,889.6,43.17,33100.0,0.0
31260,87.0,91.0,96.0,18.1,20.8,23.8,12.2,17.0,889.6,43.17,33100.0,0.0
31320,83.0,88.0,92.0,18.5,21.0,22.4,12.2,17.0,889.5,43.17,33100.0,0.0
31380,89.0,96.0,101.0,18.6,20.7,21.8,12.2,18.0,889.4,43.17,33100.0,0.0
31440,85.0,88.0,93.0,17.6,20.3,22.1,12.3,16.6,889.7,43.17,33100.0,0.0
31500,88.0,96.0,110.0,18.7,20.1,21.8,12.3,16.4,889.5,43.17,33100.0,0.0
31560,87.0,95.0,102.0,14.1,16.2,18.9,12.3,16.2,890.0,43.17,33100.0,0.0
31620,76.0,84.0,89.0,18.6,20.8,22.5,12.3,16.8,889.8,43.17,33100.0,0.0
31680,80.0,89.0,102.0,16.2,21.2,24.1,12.3,16.7,889.6,43.17,33100.0,0.0
31740,83.0,86.0,93.0,20.9,22.3,24.2,12.3,16.5,889.5,43.17,33100.0,0.0
31800,81.0,84.0,89.0,21.3,24.0,26.3,12.2,16.3,889.5,43.17,33100.0,0.0
31860,87.0,90.0,94.0,17.7,21.1,23.3,12.3,16.4,889.5,43.17,33100.0,0.0
31920,79.0,84.0,90.0,21.0,22.3,24.1,12.2,16.3,889.4,43.17,33100.0,0.0
31980,84.0,88.0,93.0,18.8,22.2,24.0,12.2,16.2,889.4,43.17,33100.0,0.0
32040,89.0,93.0,104.0,17.0,19.2,22.5,12.2,16.7,889.7,43.17,33100.0,0.0
32100,79.0,86.0,97.0,19.6,21.6,23.5,12.3,16.4,889.5,43.17,33100.0,0.0
32160,87.0,90.0,94.0,16.8,18.8,20.6,12.3,16.6,889.9,43.17,33100.0,0.0
32220,88.0,92.0,95.0,17.6,18.9,21.0,12.3,16.5,889.8,43.17,33100.0,0.0
32280,83.0,88.0,96.0,16.2,19.0,20.9,12.3,15.7,889.9,43.17,33100.0,0.0
32340,85.0,91.0,96.0,16.3,18.9,20.6,12.3,16.1,889.7,43.17,33100.0,0.0
32400,87.0,90.0,96.0,16.2,17.7,20.0,12.3,15.5,889.8,43.17,33100.0,0.0
32460,82.0,90.0,99.0,13.7,18.4,22.0,12.3,15.8,890.0,43.17,33100.0,0.0
32520,76.0,88.0,101.0,13.6,17.3,20.6,12.3,15.8,890.0,43.17,33100.0,0.0
32580,81.0,88.0,101.0,13.3,15.5,17.7,12.3,15.9,890.2,43.17,33100.0,0.0
32640,80.0,86.0,93.0,15.2,17.2,19.0,12.4,15.5,890.1,43.17,33100.0,0.0
32700,86.0,88.0,90.0,16.0,16.7,17.3,12.5,15.3,890.1,43.17,33100.0,0.0
32760,89.0,92.0,97.0,14.9,15.8,17.1,12.4,15.5,889.9,43.17,33100.0,0.0
32820,90.0,93.0,96.0,13.6,14.2,15.9,12.4,15.8,890.0,43.17,33100.0,0.0
32880,92.0,95.0,100.0,14.6,16.0,18.3,12.4,15.4,890.0,43.17,33100.0,0.0
32940,87.0,90.0,96.0,14.7,16.5,18.0,12.3,15.3,890.0,43.17,33100.0,0.0
33000,92.0,97.0,100.0,14.4,15.7,16.7,12.4,15.1,890.0,43.17,33100.0,0.0
33060,89.0,100.0,108.0,13.5,15.3,16.6,12.4,15.2,890.0,43.17,33100.0,0.0
33120,96.0,101.0,105.0,15.2,16.0,17.2,12.4,16.1,890.0,43.17,33100.0,0.0
33180,88.0,91.0,96.0,14.4,15.3,16.0,12.5,15.0,890.0,43.17,33100.0,0.0
33240,89.0,93.0,98.0,13.0,14.3,15.8,12.4,15.0,890.1,43.17,33100.0,0.0
33300,93.0,97.0,103.0,14.6,15.8,17.2,12.4,16.0,889.9,43.17,33100.0,0.0
33360,88.0,93.0,97.0,14.1,15.6,16.5,12.4,15.5,890.0,43.17,33100.0,0.0
33420,96.0,99.0,107.0,14.4,16.8,18.5,12.4,15.5,889.8,43.17,33100.0,0.0
33480,79.0,85.0,91.0,15.9,17.1,18.4,12.4,17.1,889.8,43.17,33100.0,0.0
33540,87.0,90.0,93.0,18.4,19.9,21.6,12.5,16.8,889.5,43.17,33100.0,0.0
33600,88.0,91.0,93.0,16.1,18.0,20.0,12.5,16.9,889.6,43.17,33100.0,0.0
33660,84.0,88.0,96.0,15.8,17.7,19.5,12.5,16.0,889.8,43.17,33100.0,0.0
33720,87.0,89.0,92.0,15.6,17.1,19.1,12.5,17.0,889.8,43.17,33100.0,0.0
33780,90.0,95.0,103.0,14.5,16.2,17.5,12.5,15.9,889.9,43.17,33100.0,0.0
33840,85.0,89.0,96.0,14.9,18.5,20.1,12.5,16.4,889.7,43.17,33100.0,0.0
33900,87.0,91.0,97.0,15.7,17.5,21.0,12.5,17.0,889.7,43.17,33100.0,0.0
33960,87.0,89.0,91.0,17.8,18.5,19.8,12.4,15.9,889.6,43.17,33100.0,0.0
34020,82.0,86.0,91.0,18.4,19.7,20.9,12.4,16.5,889.5,43.17,33100.0,0.0
34080,80.0,83.0,86.0,18.1,19.2,20.8,12.4,16.0,889.6,43.17,33100.0,0.0
34140,84.0,85.0,87.0,18.1,19.0,20.5,12.4,15.5,889.6,43.17,33100.0,0.0
34200,88.0,92.0,100.0,16.0,18.1,20.6,12.4,17.9,889.7,43.17,33100.0,0.0
34260,82.0,84.0,87.0,15.5,18.1,20.1,12.5,17.4,889.6,43.17,33100.0,0.0
34320,83.0,89.0,98.0,17.9,19.6,21.5,12.6,17.4,889.4,43.17,33100.0,0.0
34380,83.0,87.0,94.0,16.7,19.1,20.9,12.6,16.7,889.5,43.17,33100.0,0.0
34440,84.0,87.0,93.0,22.1,23.4,24.4,12.7,20.0,888.9,43.17,33100.0,0.0
34500,79.0,88.0,101.0,14.0,19.0,21.9,12.7,17.4,889.3,43.17,33100.0,0.0
34560,81.0,84.0,87.0,19.7,20.5,22.0,12.6,17.2,889.4,43.17,33100.0,0.0
34620,85.0,87.0,90.0,20.8,22.1,23.0,12.6,17.3,889.2,43.17,33100.0,0.0
34680,82.0,87.0,96.0,16.5,19.4,23.0,12.6,16.7,889.6,43.17,33100.0,0.0
34740,82.0,85.0,88.0,19.0,20.7,21.5,12.6,18.2,889.4,43.17,33100.0,0.0
34800,86.0,89.0,94.0,19.7,20.8,21.7,12.7,17.2,889.4,43.17,33100.0,0.0
34860,81.0,87.0,96.0,16.9,19.7,22.0,12.7,16.7,889.6,43.17,33100.0,0.0
34920,80.0,88.0,93.0,18.2,19.2,20.4,12.7,17.0,889.6,43.17,33100.0,0.0
34980,84.0,86.0,90.0,17.0,17.9,18.7,12.7,18.0,889.7,43.17,33100.0,0.0
35040,85.0,89.0,95.0,18.0,18.8,20.1,12.8,17.2,889.7,43.17,33100.0,0.0
35100,87.0,88.0,90.0,17.4,18.5,19.2,12.8,17.7,889.6,43.17,33100.0,0.0
35160,81.0,84.0,89.0,15.8,18.2,18.8,12.7,17.2,889.6,43.17,33100.0,0.0
35220,85.0,93.0,101.0,16.2,17.9,19.7,12.8,17.7,889.6,43.17,33100.0,0.0
35280,87.0,91.0,96.0,17.1,19.3,21.2,12.9,18.3,889.2,43.17,33100.0,0.0
35340,87.0,92.0,103.0,18.3,20.7,23.3,12.9,18.5,889.3,43.17,33100.0,0.0
35400,88.0,91.0,96.0,14.8,16.0,17.3,12.9,17.5,889.7,43.17,33100.0,0.0
35460,87.0,92.0,98.0,14.7,16.9,18.8,12.8,17.3,889.6,43.17,33100.0,0.0
35520,86.0,93.0,101.0,13.7,15.8,19.0,12.8,17.2,889.8,43.17,33100.0,0.0
35580,88.0,93.0,99.0,13.9,16.9,18.5,12.8,17.0,889.7,43.17,33100.0,0.0
35640,90.0,95.0,100.0,17.3,18.9,20.0,12.7,16.3,889.5,43.17,33100.0,0.0
35700,87.0,93.0,103.0,15.0,18.2,20.6,12.8,18.5,889.5,43.17,33100.0,0.0
35760,80.0,85.0,89.0,18.5,20.2,21.8,12.9,17.2,889.6,43.17,33100.0,0.0
35820,82.0,85.0,88.0,19.5,20.4,21.0,12.8,16.3,889.6,43.17,33100.0,0.0
35880,74.0,86.0,100.0,11.8,14.1,17.4,12.8,16.1,890.0,43.17,33100.0,0.0
35940,78.0,84.0,102.0,5.6,15.7,18.4,12.8,16.8,890.2,43.17,33100.0,0.0
36000,82.0,89.0,98.0,11.3,15.5,17.2,12.9,17.7,890.2,43.17,33100.0,0.0
36060,68.0,81.0,99.0,6.1,11.9,14.7,13.0,16.9,890.4,43.17,33100.0,0.0
36120,65.0,78.0,97.0,3.8,11.0,13.5,13.1,16.4,890.5,43.17,33100.0,0.0
36180,71.0,92.0,116.0,4.4,8.6,12.8,13.1,15.9,890.8,43.17,33100.0,0.0
36240,71.0,89.0,118.0,2.2,8.6,11.0,13.1,16.1,890.8,43.17,33100.0,0.0
36300,64.0,93.0,122.0,1.1,8.2,13.0,13.2,15.5,890.9,43.17,33100.0,0.0
36360,72.0,96.0,112.0,8.0,12.1,15.7,13.3,16.6,890.8,43.17,33100.0,0.0
36420,72.0,99.0,237.0,2.2,7.7,14.7,13.4,17.0,891.1,43.17,33100.0,0.0
36480,85.0,97.0,114.0,6.6,8.0,9.9,13.3,15.5,891.1,43.17,33100.0,0.0
36540,4.0,111.0,191.0,0.8,2.2,4.7,13.2,15.5,891.3,43.17,33100.0,0.0
36600,81.0,18.0,118.0,0.2,0.7,1.7,13.4,15.2,891.4,43.17,33100.0,0.0
36660,125.0,83.0,315.0,0.6,2.3,3.7,13.6,15.4,891.5,43.17,33100.0,0.0
36720,66.0,96.0,125.0,0.8,2.4,5.3,13.8,15.2,891.6,43.17,33100.0,0.0
36780,307.0,333.0,356.0,0.5,2.3,3.5,13.9,15.3,891.7,43.17,33100.0,0.0
36840,316.0,332.0,347.0,2.2,2.8,3.7,13.8,14.2,891.7,43.17,33100.0,0.0
36900,42.0,101.0,227.0,0.3,1.5,3.0,13.5,14.6,891.8,43.17,33100.0,0.0
36960,58.0,82.0,112.0,1.5,3.1,4.4,13.4,14.8,891.8,43.17,33100.0,0.0
37020,88.0,97.0,109.0,3.9,4.5,5.0,13.5,14.5,891.8,43.17,33100.0,0.0
37080,54.0,95.0,120.0,0.3,1.7,3.2,13.4,14.3,891.7,43.17,33100.0,0.0
37140,37.0,67.0,89.0,1.9,2.7,4.0,13.4,15.1,891.7,43.17,33100.0,0.0
37200,91.0,327.0,244.0,0.1,0.6,1.6,13.5,15.1,891.7,43.17,33100.0,0.0
37260,67.0,209.0,267.0,0.2,0.8,1.6,13.6,15.0,891.6,43.17,33100.0,0.0
37320,72.0,205.0,296.0,0.3,0.8,2.4,13.7,15.1,891.6,43.17,33100.0,0.0
37380,265.0,133.0,293.0,0.1,0.6,1.4,14.1,14.6,891.6,43.17,33100.0,0.0
37440,133.0,87.0,313.0,0.3,0.7,1.1,14.4,14.1,891.5,43.17,33100.0,0.0
37500,223.0,112.0,259.0,0.6,1.5,2.6,14.6,14.0,891.5,43.17,33100.0,0.0
37560,131.0,74.0,328.0,0.5,1.4,3.2,14.7,14.4,891.5,43.17,33100.0,0.0
37620,321.0,266.0,336.0,0.6,1.1,2.0,14.5,14.6,891.6,43.17,33100.0,0.0
37680,79.0,144.0,256.0,0.2,0.5,1.4,14.4,14.5,891.6,43.17,33100.0,0.0
37740,20.0,289.0,123.0,0.1,0.3,0.7,14.2,14.6,891.6,43.17,33100.0,0.0
37800,193.0,158.0,274.0,0.1,0.3,0.5,14.1,14.7,891.7,43.17,33100.0,0.0
37860,91.0,220.0,126.0,0.1,0.4,1.3,14.1,14.6,891.7,43.17,33100.0,0.0
37920,127.0,83.0,189.0,0.4,0.9,1.6,14.1,14.3,891.6,43.17,33100.0,0.0
37980,123.0,55.0,307.0,0.1,0.2,0.5,14.3,14.4,891.7,43.17,33100.0,0.0
38040,36.0,303.0,223.0,0.2,0.7,2.0,14.4,14.6,891.7,43.17,33100.0,0.0
38100,131.0,52.0,140.0,0.2,0.4,0.9,14.5,14.2,891.7,43.17,33100.0,0.0
38160,3.0,322.0,325.0,0.1,1.0,1.8,14.5,14.2,891.7,43.17,33100.0,0.0
38220,15.0,27.0,36.0,2.0,2.5,3.6,14.4,14.0,891.6,43.17,33100.0,0.0
38280,14.0,78.0,194.0,0.2,0.8,1.4,14.2,14.3,891.5,43.17,33100.0,0.0
38340,216.0,235.0,256.0,0.3,0.4,0.6,14.1,14.3,891.4,43.17,33100.0,0.0
38400,162.0,114.0,283.0,0.1,0.3,0.8,14.1,14.4,891.4,43.17,33100.0,0.0
38460,116.0,96.0,173.0,0.1,0.8,1.8,14.4,14.1,891.4,43.17,33100.0,0.0
38520,290.0,205.0,307.0,0.1,0.4,0.9,14.7,14.1,891.4,43.17,33100.0,0.0
38580,132.0,44.0,289.0,0.2,0.6,1.4,14.8,13.9,891.3,43.17,33100.0,0.0
38640,88.0,46.0,151.0,0.1,0.5,1.0,15.0,13.8,891.3,43.17,33100.0,0.0
38700,118.0,48.0,298.0,0.3,0.9,2.7,15.0,13.8,891.4,43.17,33100.0,0.0
38760,220.0,82.0,295.0,0.3,0.5,0.8,14.7,13.8,891.4,43.17,33100.0,0.0
38820,130.0,58.0,312.0,0.2,1.2,2.8,14.7,13.7,891.4,43.17,33100.0,0.0
38880,2.0,14.0,26.0,3.7,4.4,5.1,14.6,13.8,891.4,43.17,33100.0,0.0
38940,211.0,50.0,319.0,0.1,2.7,4.9,14.3,14.3,891.4,43.17,33100.0,0.0
39000,27.0,63.0,120.0,2.5,3.9,5.4,14.0,14.3,891.4,43.17,33100.0,0.0
39060,21.0,33.0,41.0,2.5,2.8,3.7,14.0,14.2,891.4,43.17,33100.0,0.0
39120,91.0,52.0,276.0,0.3,1.0,2.4,14.1,14.5,891.4,43.17,33100.0,0.0
39180,30.0,348.0,313.0,2.6,3.9,6.0,14.2,14.6,891.4,43.17,33100.0,0.0
39240,64.0,22.0,330.0,0.8,3.1,4.7,14.2,14.6,891.4,43.17,33100.0,0.0
39300,35.0,52.0,81.0,1.6,2.6,3.1,13.9,14.7,891.4,43.17,33100.0,0.0
39360,24.0,48.0,78.0,1.5,2.2,2.6,13.7,14.7,891.5,43.17,33100.0,0.0
39420,9.0,26.0,40.0,2.7,3.4,3.9,13.8,14.9,891.4,43.17,33100.0,0.0
39480,79.0,96.0,132.0,2.4,3.5,4.7,13.9,14.5,891.4,43.17,33100.0,0.0
39540,149.0,81.0,325.0,0.4,1.0,2.3,14.2,14.6,891.4,43.17,33100.0,0.0
39600,40.0,55.0,66.0,4.1,5.7,6.9,14.5,13.8,891.4,43.17,33100.0,0.0
39660,74.0,121.0,161.0,1.5,2.9,4.3,14.0,14.1,891.3,43.17,33100.0,0.0
39719,116.0,82.0,295.0,0.4,1.9,3.0,14.0,14.1,891.3,43.17,33100.0,0.0
39779,131.0,79.0,324.0,0.6,2.6,6.3,14.3,14.2,891.3,43.17,33100.0,0.0
39839,75.0,84.0,100.0,2.6,4.3,5.4,14.4,14.1,891.2,43.17,33100.0,0.0
39899,51.0,88.0,109.0,2.1,4.2,5.8,14.5,14.2,891.3,43.17,33100.0,0.0
39959,58.0,73.0,85.0,1.7,2.4,3.0,14.6,13.8,891.4,43.17,33100.0,0.0
40019,67.0,100.0,139.0,0.2,1.6,3.2,14.5,14.0,891.3,43.17,33100.0,0.0
40079,131.0,73.0,282.0,0.2,0.9,1.8,14.6,14.3,891.2,43.17,33100.0,0.0
40139,215.0,61.0,281.0,0.2,0.8,1.4,14.6,14.3,891.2,43.17,33100.0,0.0
40199,77.0,95.0,118.0,3.3,4.8,6.1,14.8,14.2,891.2,43.17,33100.0,0.0
40259,118.0,90.0,319.0,0.3,0.8,1.6,14.7,14.0,891.3,43.17,33100.0,0.0
40319,162.0,72.0,319.0,0.3,2.1,4.3,14.8,14.3,891.2,43.17,33100.0,0.0
40379,68.0,102.0,129.0,2.4,4.7,6.8,14.9,14.4,891.2,43.17,33100.0,0.0
40439,77.0,97.0,124.0,4.3,6.7,8.3,15.0,14.2,891.0,43.17,33100.0,0.0
40499,65.0,106.0,130.0,1.7,4.6,6.2,14.8,14.3,891.0,43.17,33100.0,0.0
40559,56.0,83.0,118.0,1.0,3.5,6.8,14.6,14.5,891.1,43.17,33100.0,0.0
40619,61.0,70.0,88.0,5.0,7.6,9.4,14.6,14.3,891.0,43.17,33100.0,0.0
40679,67.0,75.0,85.0,7.4,8.2,9.1,14.1,14.5,891.1,43.17,33100.0,0.0
40739,67.0,84.0,103.0,4.9,6.0,6.9,13.9,15.0,891.0,43.17,33100.0,0.0
40799,77.0,90.0,110.0,5.6,8.3,10.1,14.0,15.0,891.0,43.17,33100.0,0.0
40859,63.0,95.0,125.0,4.3,6.5,8.8,14.0,16.0,890.9,43.17,33100.0,0.0
40919,74.0,81.0,89.0,9.4,10.6,11.5,13.9,16.5,890.9,43.17,33100.0,0.0
40979,87.0,95.0,103.0,9.1,10.8,12.3,13.5,16.3,890.8,43.17,33100.0,0.0
41039,99.0,107.0,124.0,6.7,10.7,12.9,13.3,17.0,890.7,43.17,33100.0,0.0
41099,87.0,94.0,98.0,8.6,9.3,10.2,13.3,18.2,890.9,43.17,33100.0,0.0
41159,85.0,101.0,127.0,8.3,11.5,14.0,13.2,17.3,890.8,43.17,33100.0,0.0
41219,103.0,111.0,120.0,6.3,10.2,11.7,13.3,19.3,890.8,43.17,33100.0,0.0
41279,86.0,101.0,112.0,6.1,8.5,10.4,13.2,16.7,891.0,43.17,33100.0,0.0
41339,80.0,115.0,142.0,3.3,6.0,8.2,13.2,16.6,891.0,43.17,33100.0,0.0
41399,105.0,113.0,134.0,6.0,8.1,9.2,13.2,16.6,890.9,43.17,33100.0,0.0
41459,101.0,109.0,124.0,3.6,7.1,8.1,13.1,16.7,891.0,43.17,33100.0,0.0
41519,105.0,114.0,140.0,4.0,7.0,8.2,13.2,16.6,891.0,43.17,33100.0,0.0
41579,84.0,112.0,217.0,0.8,3.3,5.9,13.2,16.1,891.0,43.17,33100.0,0.0
41639,100.0,106.0,111.0,6.0,6.7,8.2,13.3,16.5,891.0,43.17,33100.0,0.0
41699,73.0,82.0,101.0,5.3,6.5,7.2,13.2,16.4,891.0,43.17,33100.0,0.0
41759,65.0,89.0,107.0,0.9,2.7,3.5,13.1,16.4,891.1,43.17,33100.0,0.0
41819,247.0,125.0,320.0,0.4,1.1,2.3,13.4,16.4,891.0,43.17,33100.0,0.0
41879,221.0,113.0,358.0,0.6,1.7,3.5,13.7,15.8,890.9,43.17,33100.0,0.0
41939,140.0,105.0,324.0,0.4,1.2,2.0,13.8,15.7,890.9,43.17,33100.0,0.0
41999,52.0,107.0,140.0,0.9,2.0,3.7,13.9,15.5,890.9,43.17,33100.0,0.0
42059,73.0,109.0,213.0,1.0,2.3,6.2,13.9,15.6,890.9,43.17,33100.0,0.0
42119,76.0,89.0,108.0,1.9,3.6,4.8,14.0,15.6,890.9,43.17,33100.0,0.0
42179,34.0,76.0,128.0,1.1,2.2,3.3,14.0,15.6,890.8,43.17,33100.0,0.0
42239,56.0,84.0,101.0,1.8,2.3,3.1,14.0,15.6,890.9,43.17,33100.0,0.0
42299,112.0,69.0,307.0,0.2,2.1,3.5,14.0,15.4,890.9,43.17,33100.0,0.0
42359,67.0,79.0,101.0,3.8,5.0,6.6,14.0,15.8,890.9,43.17,33100.0,0.0
42419,146.0,99.0,216.0,0.2,1.2,2.5,13.8,16.2,890.8,43.17,33100.0,0.0
42479,124.0,80.0,306.0,0.3,1.3,2.7,13.9,16.2,890.8,43.17,33100.0,0.0
42539,45.0,104.0,292.0,0.2,1.4,2.9,14.1,16.1,890.8,43.17,33100.0,0.0
42599,66.0,74.0,98.0,3.3,4.4,5.2,14.2,15.9,890.9,43.17,33100.0,0.0
42659,66.0,90.0,103.0,2.5,3.1,3.7,14.1,15.8,890.9,43.17,33100.0,0.0
42719,61.0,90.0,119.0,1.3,3.1,5.3,13.9,16.3,890.9,43.17,33100.0,0.0
42779,61.0,99.0,220.0,0.9,2.5,5.0,14.1,16.5,890.8,43.17,33100.0,0.0
42839,60.0,107.0,223.0,0.3,2.8,7.3,14.4,16.2,890.7,43.17,33100.0,0.0
42899,56.0,65.0,72.0,4.8,6.7,8.0,14.5,15.7,890.8,43.17,33100.0,0.0
42959,52.0,66.0,71.0,5.1,7.0,8.5,13.9,16.2,890.7,43.17,33100.0,0.0
43019,59.0,70.0,75.0,5.1,5.8,6.5,13.5,16.5,890.8,43.17,33100.0,0.0
43079,48.0,69.0,82.0,4.4,5.8,8.3,13.2,17.2,890.6,43.17,33100.0,0.0
43139,64.0,77.0,88.0,5.7,7.2,8.9,13.2,17.3,890.6,43.17,33100.0,0.0
43199,64.0,71.0,94.0,4.1,6.4,7.4,13.3,17.2,890.5,43.17,33100.0,0.0
43259,74.0,83.0,100.0,5.9,7.5,9.2,13.4,16.9,890.5,43.17,33100.0,0.0
43319,53.0,86.0,106.0,4.7,6.0,7.7,13.5,17.0,890.5,43.17,33100.0,0.0
43379,59.0,98.0,153.0,0.4,2.1,6.1,13.8,16.6,890.5,43.17,33100.0,0.0
43439,5.0,107.0,141.0,0.2,1.7,3.8,14.3,16.3,890.6,43.17,33100.0,0.0
43499,65.0,90.0,236.0,1.3,5.1,9.4,14.6,16.0,890.6,43.17,33100.0,0.0
43559,63.0,68.0,71.0,5.2,5.9,6.2,14.6,15.6,890.6,43.17,33100.0,0.0
43619,36.0,54.0,66.0,3.0,4.4,5.7,14.2,15.8,890.6,43.17,33100.0,0.0
43679,9.0,90.0,141.0,0.5,2.0,5.0,13.9,16.2,890.6,43.17,33100.0,0.0
43739,85.0,94.0,119.0,3.9,5.2,6.5,14.0,16.3,890.6,43.17,33100.0,0.0
43799,79.0,96.0,133.0,2.7,4.8,5.7,14.3,15.9,890.5,43.17,33100.0,0.0
43859,160.0,108.0,307.0,0.4,3.9,7.5,14.3,16.0,890.6,43.17,33100.0,0.0
43919,80.0,86.0,95.0,5.0,6.5,7.8,14.4,15.9,890.6,43.17,33100.0,0.0
43979,82.0,88.0,98.0,6.2,7.0,7.3,14.2,16.2,890.6,43.17,33100.0,0.0
44039,90.0,95.0,101.0,6.8,7.2,7.8,14.0,16.5,890.6,43.17,33100.0,0.0
44099,97.0,102.0,110.0,5.4,6.1,6.4,13.9,16.8,890.7,43.17,33100.0,0.0
44159,69.0,114.0,147.0,1.4,3.0,4.2,13.7,16.9,890.7,43.17,33100.0,0.0
44219,96.0,102.0,111.0,3.4,3.8,4.1,13.7,16.9,890.7,43.17,33100.0,0.0
44279,85.0,101.0,114.0,2.8,4.0,5.8,13.8,17.1,890.7,43.17,33100.0,0.0
44339,136.0,16.0,244.0,0.3,0.8,1.4,14.0,16.6,890.7,43.17,33100.0,0.0
44399,111.0,16.0,113.0,0.2,1.0,2.0,14.2,16.5,890.7,43.17,33100.0,0.0
44459,124.0,80.0,136.0,0.2,0.9,2.5,14.4,16.4,890.7,43.17,33100.0,0.0
44519,50.0,218.0,311.0,0.3,0.8,2.0,14.4,16.4,890.7,43.17,33100.0,0.0
44579,18.0,92.0,214.0,0.4,1.7,5.1,14.6,16.7,890.7,43.17,33100.0,0.0
44639,73.0,101.0,123.0,1.0,3.1,5.3,14.7,16.7,890.7,43.17,33100.0,0.0
44699,140.0,50.0,287.0,0.3,0.7,1.8,14.7,16.6,890.7,43.17,33100.0,0.0
44759,126.0,80.0,313.0,0.2,0.7,1.4,14.7,16.5,890.7,43.17,33100.0,0.0
44819,80.0,147.0,259.0,0.5,1.5,3.1,14.6,16.5,890.8,43.17,33100.0,0.0
44879,209.0,71.0,304.0,0.2,0.5,0.9,14.5,16.6,890.8,43.17,33100.0,0.0
44939,10.0,110.0,160.0,0.2,1.4,3.1,14.5,16.6,890.8,43.17,33100.0,0.0
44999,211.0,88.0,311.0,0.4,1.0,2.4,14.4,16.7,890.8,43.17,33100.0,0.0
45059,253.0,92.0,280.0,0.5,1.4,2.9,14.6,16.7,890.7,43.17,33100.0,0.0
45119,134.0,93.0,318.0,0.3,1.8,5.1,14.8,16.6,890.8,43.17,33100.0,0.0
45179,152.0,94.0,354.0,0.4,1.3,2.4,14.9,16.1,890.9,43.17,33100.0,0.0
45239,125.0,77.0,142.0,0.5,1.0,2.4,14.9,16.3,890.8,43.17,33100.0,0.0
45299,130.0,93.0,325.0,0.6,1.5,2.3,15.0,16.4,890.8,43.17,33100.0,0.0
45359,47.0,107.0,135.0,0.3,1.1,2.7,15.0,16.3,890.8,43.17,33100.0,0.0
45419,70.0,36.0,78.0,0.2,0.6,1.4,15.0,16.2,890.8,43.17,33100.0,0.0
45479,32.0,59.0,130.0,0.2,0.8,2.4,14.9,16.4,890.8,43.17,33100.0,0.0
45539,80.0,95.0,106.0,4.0,5.3,6.6,15.0,16.1,890.8,43.17,33100.0,0.0
45599,62.0,104.0,124.0,1.9,3.6,5.0,14.9,16.1,890.8,43.17,33100.0,0.0
45659,70.0,88.0,108.0,4.4,6.9,7.8,14.8,16.1,890.8,43.17,33100.0,0.0
45719,102.0,114.0,131.0,2.1,3.8,4.9,14.6,16.2,890.8,43.17,33100.0,0.0
45779,47.0,101.0,143.0,0.6,2.7,5.6,14.5,16.4,890.8,43.17,33100.0,0.0
45839,89.0,105.0,141.0,3.0,5.4,7.7,14.6,16.0,890.8,43.17,33100.0,0.0
45899,69.0,97.0,118.0,1.2,3.1,5.8,14.6,16.1,890.9,43.17,33100.0,0.0
45959,92.0,107.0,131.0,1.2,3.3,5.6,14.6,16.2,890.9,43.17,33100.0,0.0
46019,92.0,101.0,112.0,2.8,3.2,4.1,14.6,16.1,890.9,43.17,33100.0,0.0
46079,80.0,91.0,110.0,0.9,3.6,4.9,14.5,16.3,890.9,43.17,33100.0,0.0
46139,86.0,116.0,219.0,1.5,3.1,5.6,14.6,16.6,890.9,43.17,33100.0,0.0
46199,28.0,107.0,184.0,0.4,1.6,3.8,14.5,16.7,890.8,43.17,33100.0,0.0
46259,6.0,103.0,137.0,0.8,2.5,5.2,14.6,16.8,890.8,43.17,33100.0,0.0
46319,156.0,84.0,324.0,0.2,0.8,1.7,14.7,16.7,890.7,43.17,33100.0,0.0
46379,27.0,100.0,170.0,0.4,1.2,2.2,14.7,16.5,890.7,43.17,33100.0,0.0
46439,144.0,88.0,327.0,0.5,1.0,1.9,14.6,16.6,890.7,43.17,33100.0,0.0
46499,19.0,103.0,166.0,0.4,1.5,2.5,14.5,16.7,890.7,43.17,33100.0,0.0
46559,7.0,94.0,151.0,0.4,1.9,3.7,14.5,16.7,890.7,43.17,33100.0,0.0
46619,159.0,99.0,301.0,0.2,1.8,3.3,14.5,16.7,890.7,43.17,33100.0,0.0
46679,8.0,140.0,303.0,0.2,0.7,1.6,14.5,16.6,890.8,43.17,33100.0,0.0
46739,128.0,85.0,320.0,0.5,1.2,1.8,14.6,16.7,890.7,43.17,33100.0,0.0
46799,82.0,92.0,127.0,2.5,4.3,5.2,14.7,16.6,890.8,43.17,33100.0,0.0
46859,87.0,122.0,149.0,1.1,2.2,3.0,14.7,16.4,890.7,43.17,33100.0,0.0
46919,78.0,99.0,125.0,1.6,3.8,6.2,14.8,16.5,890.7,43.17,33100.0,0.0
46979,74.0,102.0,141.0,0.8,3.3,5.7,14.9,16.3,890.7,43.17,33100.0,0.0
47039,95.0,104.0,129.0,2.7,3.6,4.7,15.0,16.1,890.7,43.17,33100.0,0.0
47099,33.0,87.0,114.0,0.6,3.2,5.5,14.9,16.1,890.8,43.17,33100.0,0.0
47159,3.0,96.0,129.0,1.3,2.1,3.3,14.9,16.2,890.7,43.17,33100.0,0.0
47219,64.0,101.0,118.0,1.2,2.7,4.7,15.0,16.2,890.7,43.17,33100.0,0.0
47279,69.0,103.0,133.0,0.4,1.8,4.0,15.1,16.0,890.7,43.17,33100.0,0.0
47339,93.0,110.0,133.0,0.7,3.9,5.2,15.0,16.0,890.7,43.17,33100.0,0.0
47399,80.0,93.0,105.0,4.2,5.1,6.0,14.9,16.2,890.7,43.17,33100.0,0.0
47459,193.0,85.0,302.0,0.3,1.0,2.3,14.9,16.2,890.7,43.17,33100.0,0.0
47519,34.0,71.0,118.0,0.4,2.1,3.8,15.0,16.1,890.8,43.17,33100.0,0.0
47579,25.0,37.0,64.0,1.7,2.3,3.0,14.8,16.0,890.7,43.17,33100.0,0.0
47639,18.0,3.0,356.0,1.4,1.6,2.3,14.5,16.3,890.7,43.17,33100.0,0.0
47699,1.0,6.0,11.0,2.2,2.4,2.7,14.3,16.1,890.7,43.17,33100.0,0.0
47759,31.0,349.0,311.0,0.7,1.3,1.9,14.2,16.6,890.8,43.17,33100.0,0.0
47819,111.0,342.0,284.0,0.2,0.8,1.4,14.4,16.5,890.8,43.17,33100.0,0.0
47879,196.0,347.0,233.0,0.1,0.3,0.6,14.5,16.3,890.8,43.17,33100.0,0.0
47939,209.0,29.0,346.0,0.2,0.8,1.3,14.7,16.0,890.8,43.17,33100.0,0.0
47999,33.0,46.0,72.0,0.9,1.2,1.6,14.7,15.9,890.8,43.17,33100.0,0.0
48059,29.0,38.0,56.0,1.1,1.5,1.9,14.6,16.0,890.8,43.17,33100.0,0.0
48119,139.0,117.0,314.0,0.2,0.7,1.6,14.5,16.3,890.7,43.17,33100.0,0.0
48179,154.0,71.0,266.0,0.2,0.6,1.1,14.8,16.2,890.7,43.17,33100.0,0.0
48239,44.0,83.0,110.0,0.4,3.1,4.2,14.9,15.9,890.7,43.17,33100.0,0.0
48299,51.0,99.0,140.0,0.3,1.5,3.2,14.9,15.9,890.7,43.17,33100.0,0.0
48359,45.0,69.0,88.0,2.9,3.9,5.3,15.0,15.9,890.7,43.17,33100.0,0.0
48419,70.0,96.0,118.0,0.6,2.9,5.3,15.0,15.8,890.8,43.17,33100.0,0.0
48479,64.0,92.0,108.0,3.6,5.2,7.4,15.0,15.9,890.8,43.17,33100.0,0.0
48539,75.0,87.0,106.0,2.7,4.8,5.7,15.1,15.8,890.8,43.17,33100.0,0.0
48599,67.0,92.0,108.0,3.3,4.2,5.4,15.1,15.7,890.8,43.17,33100.0,0.0
48659,93.0,108.0,127.0,2.1,3.6,5.5,15.0,15.8,890.8,43.17,33100.0,0.0
48719,85.0,91.0,98.0,3.9,5.1,5.8,14.9,15.8,890.8,43.17,33100.0,0.0
48779,92.0,98.0,104.0,5.3,5.8,6.5,14.7,16.3,890.7,43.17,33100.0,0.0
48839,71.0,102.0,127.0,1.7,3.0,4.3,14.5,16.6,890.7,43.17,33100.0,0.0
48899,92.0,107.0,129.0,2.2,4.6,6.9,14.6,16.7,890.6,43.17,33100.0,0.0
48959,66.0,89.0,113.0,2.5,4.5,6.0,14.8,16.7,890.7,43.17,33100.0,0.0
49019,70.0,112.0,133.0,2.5,4.7,6.2,14.9,16.4,890.6,43.17,33100.0,0.0
49079,98.0,112.0,124.0,3.7,5.3,6.3,14.8,16.5,890.7,43.17,33100.0,0.0
49139,80.0,104.0,129.0,3.0,5.6,7.1,14.5,16.6,890.6,43.17,33100.0,0.0
49199,96.0,106.0,117.0,4.1,5.8,6.8,14.3,17.0,890.6,43.17,33100.0,0.0
49259,97.0,103.0,112.0,5.7,6.9,7.6,14.1,17.7,890.6,43.17,33100.0,0.0
49319,90.0,100.0,109.0,5.6,7.0,8.6,13.9,17.4,890.6,43.17,33100.0,0.0
49379,93.0,102.0,134.0,4.2,7.6,8.5,13.9,17.5,890.6,43.17,33100.0,0.0
49439,86.0,94.0,102.0,5.8,6.6,7.9,13.9,17.4,890.7,43.17,33100.0,0.0
49499,87.0,105.0,130.0,1.7,4.8,7.7,14.0,17.5,890.7,43.17,33100.0,0.0
49559,84.0,97.0,134.0,1.0,4.1,6.1,14.3,17.1,890.7,43.17,33100.0,0.0
49619,86.0,103.0,117.0,2.6,4.5,6.3,14.3,17.1,890.7,43.17,33100.0,0.0
49679,95.0,101.0,111.0,4.3,5.9,6.9,14.4,16.9,890.7,43.17,33100.0,0.0
49739,100.0,117.0,144.0,1.5,4.4,6.6,14.4,17.0,890.7,43.17,33100.0,0.0
49799,98.0,104.0,113.0,6.1,7.8,10.7,14.3,17.0,890.6,43.17,33100.0,0.0
49859,101.0,107.0,116.0,6.8,9.4,11.1,14.3,17.1,890.5,43.17,33100.0,0.0
49919,98.0,105.0,113.0,7.4,8.6,9.4,14.1,17.2,890.7,43.17,33100.0,0.0
49979,68.0,105.0,131.0,3.2,7.2,9.3,13.9,17.4,890.7,43.17,33100.0,0.0
50039,99.0,111.0,128.0,3.6,5.5,6.6,13.9,17.4,890.7,43.17,33100.0,0.0
50099,97.0,106.0,114.0,2.9,6.2,7.6,13.9,17.4,890.7,43.17,33100.0,0.0
50159,91.0,98.0,112.0,6.4,7.3,8.3,14.0,17.3,890.7,43.17,33100.0,0.0
50219,101.0,110.0,122.0,4.7,7.0,9.0,14.0,17.4,890.7,43.17,33100.0,0.0
50279,62.0,110.0,131.0,0.9,2.6,4.4,14.1,17.6,890.7,43.17,33100.0,0.0
50339,102.0,118.0,143.0,2.4,4.0,5.4,14.0,17.6,890.7,43.17,33100.0,0.0
50399,57.0,109.0,129.0,1.7,4.7,6.5,13.9,17.6,890.7,43.17,33100.0,0.0
50459,88.0,105.0,121.0,4.3,7.6,9.5,13.9,17.8,890.7,43.17,33100.0,0.0
50519,98.0,109.0,123.0,4.4,7.6,9.7,14.0,17.7,890.6,43.17,33100.0,0.0
50579,73.0,104.0,127.0,0.6,4.9,7.0,13.9,18.5,890.7,43.17,33100.0,0.0
50639,89.0,100.0,108.0,7.6,8.7,9.5,13.8,18.2,890.6,43.17,33100.0,0.0
50699,80.0,87.0,95.0,7.3,8.1,8.8,13.7,18.9,890.6,43.17,33100.0,0.0
50759,85.0,90.0,97.0,6.4,7.7,8.9,13.5,18.5,890.6,43.17,33100.0,0.0
50819,90.0,98.0,118.0,5.2,6.6,7.4,13.4,18.5,890.6,43.17,33100.0,0.0
50879,68.0,79.0,100.0,5.4,7.1,8.4,13.4,18.5,890.6,43.17,33100.0,0.0
50939,67.0,104.0,148.0,1.4,5.0,8.6,13.6,18.5,890.6,43.17,33100.0,0.0
50999,89.0,100.0,111.0,6.9,7.9,8.9,13.6,18.1,890.5,43.17,33100.0,0.0
51059,94.0,104.0,113.0,6.9,8.5,9.6,13.5,17.7,890.4,43.17,33100.0,0.0
51119,87.0,100.0,115.0,6.6,7.5,9.2,13.5,17.8,890.4,43.17,33100.0,0.0
51179,79.0,98.0,114.0,3.9,6.2,7.4,13.4,18.1,890.5,43.17,33100.0,0.0
51239,94.0,108.0,137.0,1.7,4.0,6.4,13.5,18.1,890.5,43.17,33100.0,0.0
51299,87.0,92.0,103.0,5.1,6.3,8.1,13.6,18.2,890.5,43.17,33100.0,0.0
51359,62.0,92.0,108.0,4.5,6.1,8.0,13.5,18.2,890.4,43.17,33100.0,0.0
51419,77.0,89.0,109.0,7.0,8.4,10.0,13.5,18.1,890.4,43.17,33100.0,0.0
51479,84.0,88.0,93.0,7.7,8.6,9.4,13.4,17.8,890.4,43.17,33100.0,0.0
51539,70.0,90.0,107.0,4.3,5.6,7.0,13.3,18.5,890.4,43.17,33100.0,0.0
51599,79.0,86.0,104.0,6.8,8.4,9.6,13.3,18.9,890.4,43.17,33100.0,0.0
51659,84.0,96.0,124.0,4.2,6.5,7.7,13.4,18.9,890.5,43.17,33100.0,0.0
51719,83.0,92.0,113.0,6.6,9.0,10.3,13.4,18.4,890.4,43.17,33100.0,0.0
51779,75.0,85.0,104.0,8.1,10.6,11.9,13.5,18.1,890.3,43.17,33100.0,0.0
51839,69.0,74.0,83.0,8.4,9.5,10.4,13.5,17.8,890.3,43.17,33100.0,0.0
51899,68.0,74.0,88.0,5.1,6.7,7.3,13.4,17.9,890.4,43.17,33100.0,0.0
51959,75.0,90.0,113.0,3.6,5.3,7.5,13.4,17.9,890.3,43.17,33100.0,0.0
52019,127.0,97.0,291.0,0.7,3.9,6.2,13.6,17.9,890.3,43.17,33100.0,0.0
52079,70.0,81.0,98.0,3.9,6.4,8.8,13.7,17.8,890.3,43.17,33100.0,0.0
52139,40.0,67.0,107.0,4.0,5.9,8.3,13.7,17.9,890.3,43.17,33100.0,0.0
52199,68.0,73.0,83.0,6.2,7.0,7.8,13.7,18.2,890.3,43.17,33100.0,0.0
52259,40.0,65.0,78.0,3.5,4.6,5.8,13.5,17.6,890.4,43.17,33100.0,0.0
52319,61.0,77.0,88.0,6.4,8.0,9.1,13.5,18.2,890.4,43.17,33100.0,0.0
52379,69.0,77.0,86.0,5.5,6.4,7.3,13.4,18.5,890.4,43.17,33100.0,0.0
52439,109.0,77.0,308.0,0.3,1.6,3.2,13.4,18.2,890.5,43.17,33100.0,0.0
52499,37.0,78.0,105.0,1.5,4.0,7.2,13.6,18.0,890.6,43.17,33100.0,0.0
52559,77.0,86.0,106.0,5.3,7.5,9.9,13.6,18.3,890.5,43.17,33100.0,0.0
52619,63.0,75.0,87.0,5.1,6.4,7.4,13.6,18.0,890.5,43.17,33100.0,0.0
52679,68.0,92.0,119.0,2.4,4.6,6.6,13.6,17.9,890.6,43.17,33100.0,0.0
52739,79.0,84.0,94.0,3.9,6.3,8.2,13.7,17.8,890.6,43.17,33100.0,0.0
52799,67.0,74.0,89.0,4.5,6.0,6.9,13.7,17.7,890.6,43.17,33100.0,0.0
52859,71.0,73.0,80.0,4.8,5.0,5.2,13.6,18.1,890.7,43.17,33100.0,0.0
52919,124.0,78.0,320.0,0.8,2.2,4.0,13.6,17.6,890.7,43.17,33100.0,0.0
52979,166.0,80.0,293.0,0.6,1.8,3.4,13.6,17.5,890.7,43.17,33100.0,0.0
53039,114.0,91.0,328.0,0.7,2.8,4.7,13.8,17.2,890.7,43.17,33100.0,0.0
53099,26.0,53.0,84.0,2.4,3.6,5.6,13.9,17.2,890.8,43.17,33100.0,0.0
53159,78.0,92.0,117.0,3.0,4.4,5.5,13.9,17.1,890.8,43.17,33100.0,0.0
53219,36.0,83.0,134.0,0.4,1.9,3.8,13.9,16.9,890.8,43.17,33100.0,0.0
53279,65.0,80.0,96.0,4.1,4.7,5.5,14.0,16.9,890.7,43.17,33100.0,0.0
53339,34.0,54.0,69.0,5.6,6.8,8.2,13.9,17.3,890.7,43.17,33100.0,0.0
53399,42.0,63.0,72.0,4.5,5.6,6.3,13.8,17.6,890.7,43.17,33100.0,0.0
53459,63.0,77.0,108.0,3.0,4.9,6.1,13.7,17.4,890.7,43.17,33100.0,0.0
53519,75.0,80.0,87.0,5.4,6.2,6.7,13.6,17.2,890.7,43.17,33100.0,0.0
53579,89.0,98.0,111.0,4.3,5.2,6.2,13.7,17.2,890.7,43.17,33100.0,0.0
53639,39.0,65.0,108.0,1.0,2.8,5.5,13.6,17.3,890.7,43.17,33100.0,0.0
53699,32.0,81.0,123.0,0.6,2.1,3.0,13.7,17.5,890.7,43.17,33100.0,0.0
53759,97.0,112.0,137.0,2.6,4.6,5.9,13.8,17.3,890.7,43.17,33100.0,0.0
53819,85.0,93.0,105.0,3.4,4.4,5.0,13.8,17.1,890.7,43.17,33100.0,0.0
53879,75.0,82.0,102.0,5.2,5.8,6.4,13.7,17.6,890.7,43.17,33100.0,0.0
53939,82.0,94.0,109.0,3.2,4.7,5.7,13.7,17.4,890.7,43.17,33100.0,0.0
53999,224.0,117.0,313.0,0.4,2.1,4.0,13.8,17.4,890.7,43.17,33100.0,0.0
54059,9.0,93.0,136.0,0.9,3.8,5.5,13.9,17.2,890.7,43.17,33100.0,0.0
54119,85.0,100.0,110.0,4.2,6.1,7.0,13.9,17.3,890.7,43.17,33100.0,0.0
54179,68.0,87.0,112.0,1.6,4.0,5.0,13.8,17.5,890.7,43.17,33100.0,0.0
54239,92.0,101.0,113.0,0.9,4.3,5.5,13.9,17.3,890.7,43.17,33100.0,0.0
54299,72.0,96.0,139.0,1.7,4.3,6.6,13.9,17.3,890.7,43.17,33100.0,0.0
54359,77.0,90.0,107.0,2.5,3.4,4.4,14.0,17.1,890.8,43.17,33100.0,0.0
54419,63.0,96.0,128.0,0.7,2.7,5.0,14.0,17.0,890.8,43.17,33100.0,0.0
54479,59.0,83.0,114.0,0.7,3.7,5.4,14.0,16.9,890.9,43.17,33100.0,0.0
54539,71.0,80.0,89.0,5.4,5.9,6.3,13.9,17.0,890.8,43.17,33100.0,0.0
54599,86.0,90.0,99.0,5.4,6.3,6.9,13.8,16.9,890.8,43.17,33100.0,0.0
54659,64.0,94.0,114.0,0.4,2.7,4.6,13.7,16.9,890.9,43.17,33100.0,0.0
54719,34.0,99.0,169.0,0.3,1.9,3.5,13.6,17.4,890.9,43.17,33100.0,0.0
54779,46.0,135.0,175.0,0.3,1.0,2.1,13.7,17.3,890.9,43.17,33100.0,0.0
54839,115.0,53.0,356.0,1.5,3.0,4.8,13.7,16.5,891.0,43.17,33100.0,0.0
54899,21.0,29.0,42.0,5.8,6.7,7.5,13.6,16.1,890.9,43.17,33100.0,0.0
54959,187.0,50.0,301.0,0.3,1.8,5.7,13.5,16.2,890.9,43.17,33100.0,0.0
55019,86.0,58.0,172.0,0.5,2.9,5.0,13.4,16.4,890.9,43.17,33100.0,0.0
55079,32.0,37.0,57.0,3.6,4.2,4.8,13.2,16.4,891.0,43.17,33100.0,0.0
55139,25.0,33.0,48.0,5.5,6.2,6.7,13.1,16.7,890.9,43.17,33100.0,0.0
55199,137.0,44.0,240.0,0.2,1.4,2.8,12.9,16.8,891.0,43.17,33100.0,0.0
55259,31.0,62.0,107.0,1.7,3.8,5.7,12.8,16.8,891.0,43.17,33100.0,0.0
55319,49.0,81.0,192.0,0.6,3.6,6.5,12.8,16.6,890.9,43.17,33100.0,0.0
55379,53.0,86.0,223.0,1.0,4.0,8.1,12.8,16.6,890.9,43.17,33100.0,0.0
55439,114.0,58.0,288.0,0.4,3.0,6.0,12.8,16.5,890.9,43.17,33100.0,0.0
55499,36.0,58.0,99.0,5.0,6.5,8.0,12.8,16.6,891.0,43.17,33100.0,0.0
55559,33.0,71.0,197.0,0.4,3.7,7.0,12.8,16.7,890.9,43.17,33100.0,0.0
55619,40.0,63.0,142.0,0.2,3.0,4.8,12.8,16.6,890.9,43.17,33100.0,0.0
55679,32.0,45.0,65.0,4.3,6.4,7.8,12.7,16.4,890.8,43.17,33100.0,0.0
55739,41.0,191.0,292.0,0.3,0.8,3.2,12.6,16.4,890.8,43.17,33100.0,0.0
55799,107.0,56.0,334.0,0.8,3.4,5.6,12.6,16.3,890.9,43.17,33100.0,0.0
55859,30.0,42.0,72.0,5.4,7.3,8.7,12.6,16.1,890.8,43.17,33100.0,0.0
55919,74.0,119.0,188.0,0.6,1.6,3.0,12.5,16.1,890.9,43.17,33100.0,0.0
55979,122.0,71.0,357.0,1.0,3.6,6.0,12.5,16.1,890.9,43.17,33100.0,0.0
56039,31.0,44.0,63.0,4.4,6.8,8.5,12.4,16.2,890.8,43.17,33100.0,0.0
56099,89.0,41.0,354.0,2.2,4.6,7.7,12.3,16.2,890.8,43.17,33100.0,0.0
56159,253.0,93.0,286.0,0.3,2.8,7.4,12.3,16.3,890.8,43.17,33100.0,0.0
56219,23.0,51.0,83.0,1.1,5.2,7.2,12.3,16.3,890.9,43.17,33100.0,0.0
56279,36.0,42.0,54.0,4.2,6.2,7.9,12.3,16.3,890.8,43.17,33100.0,0.0
56339,9.0,65.0,104.0,1.1,2.9,7.2,12.3,16.2,890.7,43.17,33100.0,0.0
56399,35.0,68.0,164.0,0.9,4.6,8.0,12.3,16.3,890.7,43.17,33100.0,0.0
56459,16.0,88.0,118.0,1.6,2.5,3.9,12.3,16.1,890.7,43.17,33100.0,0.0
56519,37.0,52.0,65.0,6.2,8.2,10.0,12.3,16.1,890.7,43.17,33100.0,0.0
56579,41.0,55.0,71.0,5.2,7.4,9.1,12.3,16.1,890.7,43.17,33100.0,0.0
56639,31.0,61.0,103.0,2.7,5.9,8.6,12.2,16.1,890.7,43.17,33100.0,0.0
56699,5.0,45.0,114.0,1.4,4.6,6.5,12.2,16.2,890.7,43.17,33100.0,0.0
56759,38.0,53.0,87.0,5.0,7.0,9.2,12.2,16.2,890.6,43.17,33100.0,0.0
56819,121.0,54.0,228.0,0.6,6.0,9.3,12.2,16.2,890.7,43.17,33100.0,0.0
56879,8.0,72.0,108.0,1.1,3.5,7.8,12.1,16.2,890.5,43.17,33100.0,0.0
56939,30.0,43.0,74.0,4.0,7.7,10.2,12.1,16.2,890.6,43.17,33100.0,0.0
56999,31.0,65.0,113.0,1.6,6.3,8.9,12.1,16.3,890.6,43.17,33100.0,0.0
57059,215.0,72.0,324.0,1.1,5.5,9.5,12.1,16.2,890.5,43.17,33100.0,0.0
57119,15.0,44.0,67.0,5.2,7.3,9.7,12.0,16.2,890.5,43.17,33100.0,0.0
57179,40.0,56.0,65.0,7.0,8.8,10.7,12.0,16.2,890.5,43.17,33100.0,0.0
57239,54.0,62.0,69.0,6.4,8.0,9.7,12.0,16.3,890.6,43.17,33100.0,0.0
57299,53.0,62.0,69.0,6.9,8.3,9.7,12.1,16.3,890.5,43.17,33100.0,0.0
57359,63.0,69.0,77.0,8.6,9.8,11.1,12.0,16.4,890.5,43.17,33100.0,0.0
57419,69.0,78.0,86.0,9.0,10.8,12.2,12.0,16.5,890.5,43.17,33100.0,0.0
57479,51.0,66.0,98.0,6.5,9.8,11.6,12.1,16.6,890.5,43.17,33100.0,0.0
57539,53.0,62.0,67.0,8.7,10.3,11.8,12.1,16.1,890.5,43.17,33100.0,0.0
57599,68.0,71.0,74.0,8.5,9.2,9.7,12.1,16.3,890.5,43.17,33100.0,0.0
57659,76.0,83.0,87.0,11.3,12.2,13.0,12.1,17.2,890.4,43.17,33100.0,0.0
57719,61.0,67.0,75.0,8.5,9.8,11.4,12.1,15.9,890.5,43.17,33100.0,0.0
57779,65.0,68.0,70.0,8.4,9.0,9.7,12.1,16.5,890.5,43.17,33100.0,0.0
57839,58.0,66.0,69.0,8.4,10.2,11.2,12.1,16.5,890.5,43.17,33100.0,0.0
57899,36.0,52.0,70.0,5.1,6.9,9.0,12.0,16.0,890.5,43.17,33100.0,0.0
57959,44.0,61.0,68.0,5.6,8.4,10.2,12.0,15.6,890.5,43.17,33100.0,0.0
58019,63.0,69.0,75.0,9.3,10.6,13.1,11.9,16.0,890.4,43.17,33100.0,0.0
58079,63.0,71.0,87.0,8.0,10.4,12.0,11.9,16.7,890.4,43.17,33100.0,0.0
58139,82.0,84.0,85.0,11.6,12.1,13.3,12.0,17.8,890.2,43.17,33100.0,0.0
58199,66.0,70.0,77.0,9.1,10.4,12.2,12.1,15.9,890.4,43.17,33100.0,0.0
58259,61.0,71.0,80.0,8.9,10.4,11.5,12.0,16.3,890.4,43.17,33100.0,0.0
58319,69.0,76.0,83.0,9.4,10.5,11.7,12.0,16.1,890.3,43.17,33100.0,0.0
58379,63.0,75.0,84.0,10.2,10.8,11.6,11.9,15.8,890.3,43.17,33100.0,0.0
58439,73.0,76.0,79.0,12.0,13.0,14.0,11.9,16.1,890.2,43.17,33100.0,0.0
58499,76.0,79.0,84.0,12.3,13.0,13.6,11.9,16.6,890.2,43.17,33100.0,0.0
58559,71.0,81.0,90.0,10.1,11.2,12.0,12.0,16.6,890.1,43.17,33100.0,0.0
58619,67.0,72.0,78.0,10.3,11.9,12.9,12.0,16.1,890.2,43.17,33100.0,0.0
58679,69.0,75.0,83.0,10.2,11.6,12.5,12.0,16.4,890.2,43.17,33100.0,0.0
58739,70.0,75.0,81.0,11.0,11.7,12.6,11.9,16.4,890.2,43.17,33100.0,0.0
58799,61.0,76.0,85.0,8.9,10.6,12.6,11.9,15.6,890.2,43.17,33100.0,0.0
58859,68.0,78.0,90.0,10.4,12.4,14.0,11.8,15.8,890.1,43.17,33100.0,0.0
58919,69.0,77.0,84.0,9.2,12.4,14.2,11.8,16.2,890.0,43.17,33100.0,0.0
58979,63.0,72.0,78.0,9.5,11.7,14.3,11.9,15.6,890.1,43.17,33100.0,0.0
59039,70.0,78.0,87.0,11.2,13.9,17.8,11.7,15.9,890.0,43.17,33100.0,0.0
59099,73.0,81.0,85.0,10.4,12.3,13.6,11.8,15.5,890.0,43.17,33100.0,0.0
59159,64.0,68.0,72.0,8.2,11.0,12.2,11.7,15.9,890.0,43.17,33100.0,0.0
59219,78.0,81.0,87.0,13.4,14.8,16.2,11.8,16.3,889.8,43.17,33100.0,0.0
59279,68.0,81.0,89.0,9.5,12.6,16.5,11.8,16.0,889.9,43.17,33100.0,0.0
59339,69.0,73.0,83.0,11.1,12.4,13.7,11.8,16.4,889.9,43.17,33100.0,0.0
59399,72.0,77.0,84.0,12.5,13.0,14.2,11.7,15.5,889.9,43.17,33100.0,0.0
59459,73.0,81.0,97.0,12.0,13.1,14.8,11.7,16.9,889.7,43.17,33100.0,0.0
59519,72.0,79.0,84.0,12.4,13.3,14.0,11.8,15.9,889.8,43.17,33100.0,0.0
59579,84.0,86.0,90.0,15.2,15.8,16.7,11.5,16.1,889.7,43.17,33100.0,0.0
59639,72.0,83.0,89.0,13.0,14.3,15.3,11.7,16.2,889.7,43.17,33100.0,0.0
59699,67.0,76.0,83.0,8.9,11.9,13.6,11.8,16.9,889.7,43.17,33100.0,0.0
59759,85.0,88.0,93.0,12.2,13.5,14.4,11.7,16.0,889.7,43.17,33100.0,0.0
59819,70.0,78.0,85.0,14.9,16.2,17.4,11.8,16.5,889.5,43.17,33100.0,0.0
59879,76.0,85.0,94.0,14.8,17.3,19.6,11.8,16.7,889.5,43.17,33100.0,0.0
59939,86.0,89.0,94.0,15.9,17.3,18.4,11.9,17.7,889.3,43.17,33100.0,0.0
59999,72.0,84.0,97.0,10.7,13.8,15.5,11.9,17.2,889.5,43.17,33100.0,0.0
60059,85.0,90.0,95.0,14.9,17.3,18.8,12.1,17.3,889.2,43.17,33100.0,0.0
60119,76.0,82.0,87.0,13.9,15.0,16.4,12.1,17.1,889.6,43.17,33100.0,0.0
60179,83.0,87.0,91.0,14.3,15.1,15.9,12.0,15.7,889.5,43.17,33100.0,0.0
60239,76.0,83.0,88.0,15.1,16.0,18.5,11.8,18.1,889.4,43.17,33100.0,0.0
60299,83.0,86.0,89.0,15.7,16.5,17.3,12.1,17.9,889.4,43.17,33100.0,0.0
60359,78.0,84.0,94.0,15.8,16.9,19.8,12.1,16.6,889.4,43.17,33100.0,0.0
60419,81.0,85.0,89.0,16.7,18.3,20.3,12.0,16.6,889.4,43.17,33100.0,0.0
60479,78.0,82.0,86.0,16.1,17.4,18.5,12.0,17.6,889.3,43.17,33100.0,0.0
60539,78.0,84.0,88.0,15.6,16.6,17.6,12.1,17.5,889.4,43.17,33100.0,0.0
60599,82.0,85.0,88.0,17.3,18.3,19.2,12.1,17.7,889.3,43.17,33100.0,0.0
60659,80.0,83.0,85.0,15.0,16.2,18.7,12.2,17.4,889.5,43.17,33100.0,0.0
60719,84.0,87.0,91.0,16.8,18.1,18.8,12.2,18.1,889.3,43.17,33100.0,0.0
60779,82.0,85.0,88.0,16.9,18.2,19.8,12.1,17.7,889.3,43.17,33100.0,0.0
60839,75.0,82.0,87.0,15.8,17.3,18.6,12.4,18.6,889.4,43.17,33100.0,0.0
60899,82.0,88.0,91.0,13.3,15.6,16.5,12.4,17.5,889.5,43.17,33100.0,0.0
60959,81.0,85.0,89.0,14.2,14.9,15.7,12.1,16.8,889.6,43.17,33100.0,0.0
61019,73.0,84.0,89.0,15.4,17.0,18.5,12.1,20.8,889.5,43.17,33100.0,0.0
61079,76.0,83.0,86.0,16.0,16.9,17.7,12.4,18.9,889.5,43.17,33100.0,0.0
61139,76.0,82.0,85.0,14.7,16.0,16.8,12.4,17.4,889.7,43.17,33100.0,0.0
61199,81.0,85.0,88.0,15.6,16.2,16.9,12.1,16.5,889.6,43.17,33100.0,0.0
61259,72.0,79.0,87.0,13.0,14.2,15.2,12.1,18.3,889.8,43.17,33100.0,0.0
61319,82.0,84.0,87.0,15.8,16.6,17.5,12.4,19.7,889.6,43.17,33100.0,0.0
61379,76.0,81.0,86.0,15.8,17.0,17.5,12.6,20.9,889.7,43.17,33100.0,0.0
61439,72.0,78.0,84.0,13.0,14.4,15.4,12.7,18.8,889.8,43.17,33100.0,0.0
61499,80.0,86.0,91.0,15.5,17.6,19.6,12.6,19.6,889.6,43.17,33100.0,0.0
61559,84.0,87.0,89.0,18.3,19.6,20.2,12.7,20.6,889.5,43.17,33100.0,0.0
61619,74.0,82.0,85.0,13.5,14.9,15.8,12.8,18.4,889.9,43.17,33100.0,0.0
61679,84.0,86.0,90.0,14.4,15.4,16.2,12.6,18.0,889.9,43.17,33100.0,0.0
61739,87.0,90.0,94.0,14.5,16.3,18.6,12.6,22.4,889.8,43.17,33100.0,0.0
61799,85.0,90.0,97.0,13.8,15.4,16.7,12.7,19.2,890.0,43.17,33100.0,0.0
61859,71.0,78.0,85.0,10.9,12.6,14.0,12.7,18.4,890.1,43.17,33100.0,0.0
61919,71.0,86.0,96.0,11.2,13.1,15.0,12.6,18.4,890.3,43.17,33100.0,0.0
61979,68.0,79.0,87.0,7.8,9.6,10.7,12.7,18.5,890.4,43.17,33100.0,0.0
62039,73.0,82.0,96.0,8.1,9.3,11.0,12.4,18.7,890.4,43.17,33100.0,0.0
62099,46.0,64.0,71.0,8.1,10.4,12.4,12.4,18.6,890.5,43.17,33100.0,0.0
62159,67.0,72.0,78.0,10.8,12.1,13.8,12.4,18.0,890.4,43.17,33100.0,0.0
62219,43.0,66.0,74.0,5.1,9.2,11.5,12.3,17.7,890.5,43.17,33100.0,0.0
62279,66.0,78.0,91.0,5.5,6.6,7.5,12.2,17.5,890.5,43.17,33100.0,0.0
62339,54.0,72.0,108.0,6.0,9.6,12.2,12.1,17.5,890.4,43.17,33100.0,0.0
62399,68.0,73.0,79.0,10.0,10.9,11.8,12.1,18.2,890.5,43.17,33100.0,0.0
62459,70.0,80.0,96.0,7.0,8.1,9.7,12.1,18.3,890.4,43.17,33100.0,0.0
62519,49.0,61.0,69.0,4.9,6.1,7.8,12.1,17.1,890.5,43.17,33100.0,0.0
62579,72.0,85.0,91.0,8.0,9.5,12.1,12.0,18.0,890.4,43.17,33100.0,0.0
62639,69.0,80.0,88.0,9.4,10.1,10.6,12.0,17.3,890.4,43.17,33100.0,0.0
62699,75.0,89.0,108.0,6.4,7.9,10.1,12.0,17.2,890.5,43.17,33100.0,0.0
62759,38.0,67.0,95.0,4.0,6.1,7.6,11.9,17.2,890.5,43.17,33100.0,0.0
62819,66.0,74.0,87.0,7.4,8.6,10.5,11.8,17.1,890.5,43.17,33100.0,0.0
62879,70.0,77.0,82.0,8.8,9.9,10.9,11.8,17.5,890.5,43.17,33100.0,0.0
62939,61.0,75.0,94.0,9.9,11.8,16.9,11.9,16.9,890.4,43.17,33100.0,0.0
62999,76.0,91.0,102.0,7.6,8.6,9.3,11.9,17.2,890.4,43.17,33100.0,0.0
63059,95.0,104.0,113.0,10.3,12.3,14.4,11.9,17.4,890.2,43.17,33100.0,0.0
63119,96.0,106.0,114.0,7.9,9.3,10.6,11.9,17.4,890.3,43.17,33100.0,0.0
63179,55.0,69.0,80.0,4.6,7.5,10.5,11.9,17.0,890.5,43.17,33100.0,0.0
63239,71.0,104.0,128.0,3.1,5.9,8.8,11.8,17.4,890.4,43.17,33100.0,0.0
63299,86.0,92.0,105.0,9.4,10.6,11.9,11.7,16.7,890.4,43.17,33100.0,0.0
63359,95.0,105.0,113.0,9.2,11.0,13.8,11.8,16.6,890.3,43.17,33100.0,0.0
63419,67.0,76.0,84.0,9.8,11.9,13.7,11.8,17.1,890.5,43.17,33100.0,0.0
63479,65.0,90.0,112.0,7.3,9.6,11.0,11.8,16.8,890.4,43.17,33100.0,0.0
63539,72.0,93.0,106.0,7.2,8.4,10.3,11.7,16.4,890.5,43.17,33100.0,0.0
63599,78.0,84.0,91.0,11.8,12.9,14.0,11.7,17.4,890.3,43.17,33100.0,0.0
63659,95.0,104.0,114.0,5.7,6.9,7.9,11.7,16.3,890.6,43.17,33100.0,0.0
63719,82.0,90.0,99.0,8.6,9.6,11.0,11.5,16.6,890.6,43.17,33100.0,0.0
63779,85.0,98.0,109.0,6.7,10.2,12.8,11.6,17.0,890.4,43.17,33100.0,0.0
63839,67.0,80.0,103.0,3.1,5.0,6.1,11.7,16.9,890.7,43.17,33100.0,0.0
63899,81.0,93.0,108.0,4.7,5.6,6.8,11.7,16.5,890.7,43.17,33100.0,0.0
63959,72.0,91.0,106.0,6.3,7.3,9.6,11.7,16.5,890.7,43.17,33100.0,0.0
64019,70.0,81.0,95.0,9.7,10.6,11.6,11.7,16.8,890.6,43.17,33100.0,0.0
64079,63.0,91.0,116.0,1.6,5.4,8.3,11.7,16.6,890.8,43.17,33100.0,0.0
64139,55.0,71.0,89.0,6.6,8.5,10.4,11.7,16.7,890.6,43.17,33100.0,0.0
64199,34.0,53.0,74.0,3.6,5.3,6.9,11.7,16.3,890.7,43.17,33100.0,0.0
64259,58.0,77.0,90.0,4.3,7.1,8.8,11.7,16.4,890.8,43.17,33100.0,0.0
64319,27.0,81.0,116.0,1.0,4.3,8.9,11.6,16.2,890.6,43.17,33100.0,0.0
64379,59.0,73.0,109.0,5.2,6.7,8.4,11.6,16.3,890.7,43.17,33100.0,0.0
64439,69.0,91.0,129.0,2.2,4.0,6.9,11.7,16.8,890.6,43.17,33100.0,0.0
64499,58.0,67.0,71.0,5.0,7.3,9.1,11.7,16.1,890.7,43.17,33100.0,0.0
64559,70.0,79.0,85.0,9.7,10.9,11.6,11.5,16.5,890.5,43.17,33100.0,0.0
64619,34.0,69.0,104.0,3.2,5.4,8.0,11.7,16.0,890.7,43.17,33100.0,0.0
64679,51.0,67.0,80.0,6.5,8.6,10.9,11.7,15.8,890.6,43.17,33100.0,0.0
64739,44.0,66.0,79.0,5.9,9.0,11.2,11.6,16.4,890.5,43.17,33100.0,0.0
64799,36.0,78.0,102.0,4.4,9.0,10.6,11.7,16.1,890.7,43.17,33100.0,0.0
64859,77.0,89.0,108.0,6.7,12.1,15.9,11.7,16.3,890.4,43.17,33100.0,0.0
64919,72.0,85.0,105.0,6.3,8.0,10.3,11.8,15.9,890.7,43.17,33100.0,0.0
64979,58.0,73.0,88.0,6.0,8.3,10.5,11.7,15.6,890.6,43.17,33100.0,0.0
65039,67.0,75.0,91.0,8.8,10.2,11.2,11.6,15.9,890.6,43.17,33100.0,0.0
65099,49.0,65.0,87.0,3.2,5.6,7.2,11.6,15.8,890.7,43.17,33100.0,0.0
65159,61.0,75.0,86.0,5.9,7.3,8.5,11.6,16.1,890.7,43.17,33100.0,0.0
65219,38.0,67.0,107.0,5.6,7.7,9.8,11.3,15.7,890.6,43.17,33100.0,0.0
65279,59.0,72.0,86.0,6.8,9.4,11.3,11.6,17.1,890.6,43.17,33100.0,0.0
65339,60.0,69.0,75.0,9.9,11.7,13.2,11.7,15.9,890.6,43.17,33100.0,0.0
65399,63.0,76.0,87.0,10.9,12.1,13.2,11.6,15.8,890.6,43.17,33100.0,0.0
65459,37.0,61.0,69.0,5.9,9.0,10.7,11.8,16.1,890.6,43.17,33100.0,0.0
65519,71.0,92.0,117.0,1.4,4.9,8.1,11.6,15.8,890.7,43.17,33100.0,0.0
65579,63.0,75.0,88.0,8.6,10.6,12.4,11.4,15.6,890.6,43.17,33100.0,0.0
65639,57.0,64.0,72.0,8.8,11.2,12.4,11.5,16.0,890.4,43.17,33100.0,0.0
65699,68.0,75.0,87.0,9.1,11.5,13.2,11.6,16.4,890.6,43.17,33100.0,0.0
65759,46.0,61.0,71.0,10.6,12.4,14.9,11.5,16.8,890.4,43.17,33100.0,0.0
65819,65.0,73.0,84.0,11.5,13.6,14.6,11.7,15.9,890.4,43.17,33100.0,0.0
65879,63.0,70.0,82.0,12.4,13.6,15.3,11.7,16.7,890.4,43.17,33100.0,0.0
65939,68.0,76.0,86.0,14.8,15.8,16.7,11.9,17.0,890.3,43.17,33100.0,0.0
65999,58.0,68.0,76.0,9.8,12.6,15.3,11.8,16.2,890.4,43.17,33100.0,0.0
66059,52.0,66.0,75.0,6.2,8.6,10.5,11.9,16.1,890.4,43.17,33100.0,0.0
66119,66.0,74.0,83.0,13.9,15.4,16.6,11.7,16.0,890.2,43.17,33100.0,0.0
66179,50.0,60.0,66.0,12.1,15.1,17.5,11.9,15.5,889.9,43.17,33100.0,0.0
66239,67.0,73.0,79.0,11.3,14.9,17.4,11.8,15.5,890.1,43.17,33100.0,0.0
66299,67.0,72.0,86.0,10.8,13.9,15.2,11.7,15.8,890.2,43.17,33100.0,0.0
66359,66.0,74.0,83.0,14.7,16.5,17.9,11.7,17.0,889.9,43.17,33100.0,0.0
66419,63.0,70.0,74.0,12.1,14.5,16.4,11.7,15.9,890.1,43.17,33100.0,0.0
66479,55.0,66.0,70.0,12.7,15.1,18.8,11.8,15.4,890.2,43.17,33100.0,0.0
66539,59.0,71.0,92.0,10.9,13.9,18.1,11.7,15.3,890.1,43.17,33100.0,0.0
66599,69.0,72.0,76.0,17.3,18.1,19.3,11.6,16.0,889.9,43.17,33100.0,0.0
66659,65.0,71.0,77.0,14.6,16.8,18.6,11.7,16.3,889.9,43.17,33100.0,0.0
66719,69.0,74.0,83.0,13.5,14.8,16.3,11.8,16.1,890.0,43.17,33100.0,0.0
66779,68.0,72.0,78.0,16.5,17.8,18.9,11.9,16.6,889.8,43.17,33100.0,0.0
66839,66.0,70.0,75.0,13.9,15.3,17.3,11.8,15.6,889.9,43.17,33100.0,0.0
66899,69.0,74.0,82.0,16.7,17.8,18.8,11.7,16.1,889.7,43.17,33100.0,0.0
66959,69.0,74.0,85.0,13.5,15.1,16.2,11.9,16.4,889.8,43.17,33100.0,0.0
67019,69.0,75.0,79.0,17.1,18.0,18.9,11.9,16.0,889.7,43.17,33100.0,0.0
67079,68.0,72.0,80.0,17.3,18.1,18.8,11.9,16.5,889.7,43.17,33100.0,0.0
67139,61.0,68.0,76.0,16.1,17.4,19.0,11.9,16.1,889.7,43.17,33100.0,0.0
67199,32.0,63.0,71.0,7.3,12.8,16.6,12.0,16.0,889.9,43.17,33100.0,0.0
67259,68.0,71.0,76.0,16.1,17.5,18.7,11.9,16.3,889.8,43.17,33100.0,0.0
67319,73.0,78.0,84.0,16.6,17.9,18.8,11.9,15.8,889.7,43.17,33100.0,0.0
67379,60.0,67.0,74.0,14.6,16.1,18.6,12.1,16.4,889.8,43.17,33100.0,0.0
67439,70.0,78.0,87.0,11.9,13.4,15.1,12.1,16.1,889.9,43.17,33100.0,0.0
67499,64.0,68.0,74.0,13.4,15.8,17.4,11.9,16.4,890.0,43.17,33100.0,0.0
67559,71.0,78.0,84.0,15.5,17.3,19.5,11.9,16.6,889.8,43.17,33100.0,0.0
67619,66.0,72.0,78.0,14.3,17.0,18.3,12.0,16.7,890.0,43.17,33100.0,0.0
67679,64.0,71.0,80.0,14.4,15.8,17.9,12.1,17.4,889.9,43.17,33100.0,0.0
67739,69.0,77.0,101.0,10.8,14.0,16.9,12.0,16.6,889.9,43.17,33100.0,0.0
67799,71.0,81.0,86.0,14.5,16.0,17.4,12.1,15.3,889.9,43.17,33100.0,0.0
67859,64.0,73.0,82.0,14.0,16.5,19.8,12.1,17.3,889.9,43.17,33100.0,0.0
67919,64.0,71.0,81.0,11.5,14.7,18.0,12.2,17.0,889.9,43.17,33100.0,0.0
67979,75.0,82.0,89.0,16.1,16.9,17.9,12.0,16.2,890.0,43.17,33100.0,0.0
68039,71.0,77.0,82.0,15.9,17.2,18.3,12.2,17.6,890.0,43.17,33100.0,0.0
68099,74.0,82.0,87.0,13.9,15.1,16.1,12.3,17.0,890.0,43.17,33100.0,0.0
68159,77.0,83.0,88.0,13.9,17.2,20.1,12.3,17.6,890.0,43.17,33100.0,0.0
68219,72.0,84.0,90.0,13.8,14.5,15.5,12.3,18.2,890.1,43.17,33100.0,0.0
68279,72.0,81.0,87.0,13.4,14.9,17.5,12.4,18.9,890.1,43.17,33100.0,0.0
68339,71.0,81.0,93.0,12.6,13.8,15.4,12.5,17.5,890.2,43.17,33100.0,0.0
68399,71.0,81.0,89.0,16.0,17.6,19.5,12.5,18.1,890.0,43.17,33100.0,0.0
68459,74.0,81.0,86.0,12.9,14.7,15.9,12.6,17.1,890.1,43.17,33100.0,0.0
68519,66.0,76.0,83.0,11.9,13.3,14.4,12.5,16.6,890.2,43.17,33100.0,0.0
68579,79.0,85.0,90.0,14.0,15.3,16.7,12.4,17.0,890.1,43.17,33100.0,0.0
68639,70.0,79.0,89.0,14.6,16.8,19.5,12.3,16.2,890.2,43.17,33100.0,0.0
68699,86.0,88.0,91.0,13.7,14.5,16.4,12.1,15.5,890.0,43.17,33100.0,0.0
68759,77.0,83.0,86.0,15.1,15.9,16.8,12.2,16.1,890.1,43.17,33100.0,0.0
68819,74.0,85.0,100.0,8.8,11.8,13.7,12.2,16.1,890.3,43.17,33100.0,0.0
68879,74.0,85.0,93.0,11.4,12.8,14.1,12.0,16.5,890.2,43.17,33100.0,0.0
68939,81.0,86.0,91.0,12.9,13.9,14.9,12.1,17.3,890.2,43.17,33100.0,0.0
68999,75.0,81.0,88.0,14.3,15.6,16.5,12.2,17.1,890.1,43.17,33100.0,0.0
69059,72.0,82.0,93.0,12.9,14.4,16.5,12.3,16.3,890.2,43.17,33100.0,0.0
69119,79.0,90.0,104.0,8.6,11.0,13.7,12.1,16.6,890.3,43.17,33100.0,0.0
69179,81.0,89.0,101.0,11.0,13.2,15.6,12.2,16.8,890.2,43.17,33100.0,0.0
69239,82.0,87.0,92.0,14.0,16.8,17.9,12.3,17.8,890.1,43.17,33100.0,0.0
69299,68.0,98.0,116.0,6.2,9.1,11.4,12.4,17.4,890.2,43.17,33100.0,0.0
69359,68.0,77.0,86.0,11.6,13.1,14.4,12.4,16.7,890.3,43.17,33100.0,0.0
69419,70.0,77.0,92.0,11.8,12.9,14.2,12.2,18.0,890.3,43.17,33100.0,0.0
69479,68.0,75.0,84.0,12.3,14.9,16.8,12.1,16.9,890.2,43.17,33100.0,0.0
69539,76.0,87.0,98.0,11.3,14.9,17.0,12.3,17.8,890.3,43.17,33100.0,0.0
69599,76.0,85.0,101.0,10.7,13.4,15.0,12.4,18.2,890.4,43.17,33100.0,0.0
69659,73.0,82.0,89.0,14.9,16.6,17.8,12.5,18.0,890.2,43.17,33100.0,0.0
69719,69.0,79.0,86.0,13.5,14.4,15.2,12.5,17.6,890.4,43.17,33100.0,0.0
69779,76.0,82.0,91.0,12.1,13.1,13.8,12.5,17.3,890.5,43.17,33100.0,0.0
69839,89.0,95.0,101.0,9.1,10.1,11.2,12.4,17.5,890.6,43.17,33100.0,0.0
69899,75.0,84.0,92.0,9.5,12.0,14.2,12.5,17.3,890.5,43.17,33100.0,0.0
69959,79.0,86.0,95.0,8.7,9.9,11.2,12.4,17.5,890.6,43.17,33100.0,0.0
70019,73.0,78.0,84.0,12.6,13.8,15.1,12.4,18.2,890.5,43.17,33100.0,0.0
70079,85.0,88.0,94.0,11.0,11.8,12.7,12.5,18.3,890.6,43.17,33100.0,0.0
70139,74.0,85.0,91.0,13.2,14.5,16.9,12.4,17.6,890.5,43.17,33100.0,0.0
70199,80.0,84.0,89.0,11.2,12.4,14.3,12.5,18.1,890.6,43.17,33100.0,0.0
70259,73.0,82.0,88.0,10.5,11.2,11.6,12.5,17.1,890.6,43.17,33100.0,0.0
70319,71.0,78.0,84.0,9.9,11.2,12.6,12.4,17.6,890.6,43.17,33100.0,0.0
70379,77.0,85.0,91.0,9.8,10.9,12.5,12.4,17.6,890.6,43.17,33100.0,0.0
70439,77.0,84.0,88.0,10.9,11.9,13.2,12.4,17.9,890.6,43.17,33100.0,0.0
70499,82.0,88.0,99.0,8.9,9.5,10.4,12.4,17.4,890.7,43.17,33100.0,0.0
70559,72.0,81.0,98.0,8.6,9.8,11.5,12.4,17.9,890.7,43.17,33100.0,0.0
70619,61.0,70.0,80.0,7.3,9.1,10.8,12.4,17.9,890.7,43.17,33100.0,0.0
70679,72.0,78.0,84.0,10.0,10.7,12.0,12.4,17.4,890.6,43.17,33100.0,0.0
70739,75.0,84.0,89.0,10.5,11.5,12.5,12.4,18.4,890.6,43.17,33100.0,0.0
70799,83.0,86.0,97.0,9.3,11.5,13.1,12.5,18.0,890.6,43.17,33100.0,0.0
70859,87.0,93.0,97.0,9.7,11.0,12.4,12.6,18.9,890.5,43.17,33100.0,0.0
70919,83.0,87.0,92.0,9.5,10.2,10.7,12.6,18.1,890.6,43.17,33100.0,0.0
70979,80.0,85.0,88.0,11.5,12.6,14.0,12.6,18.0,890.6,43.17,33100.0,0.0
71039,81.0,87.0,93.0,11.8,13.1,14.2,12.6,18.0,890.5,43.17,33100.0,0.0
71099,87.0,91.0,94.0,12.5,13.7,15.0,12.6,19.8,890.3,43.17,33100.0,0.0
71159,82.0,85.0,90.0,13.2,13.9,14.7,12.8,20.1,890.4,43.17,33100.0,0.0
71219,81.0,84.0,88.0,12.3,13.0,13.6,12.9,19.6,890.4,43.17,33100.0,0.0
71279,82.0,84.0,87.0,15.2,16.2,16.7,13.0,21.0,890.2,43.17,33100.0,0.0
71339,81.0,90.0,96.0,13.4,15.1,17.7,13.4,20.3,890.2,43.17,33100.0,0.0
71399,83.0,88.0,100.0,11.2,13.2,14.0,13.2,18.9,890.4,43.17,33100.0,0.0
71459,77.0,81.0,84.0,14.3,15.1,16.3,13.1,20.7,890.4,43.17,33100.0,0.0
71519,73.0,83.0,94.0,3.6,12.7,16.1,13.2,18.8,890.4,43.17,33100.0,0.0
71579,82.0,85.0,89.0,15.2,15.8,16.5,13.1,19.4,890.3,43.17,33100.0,0.0
71639,86.0,96.0,108.0,11.9,14.0,16.0,13.4,22.1,890.3,43.17,33100.0,0.0
71699,77.0,95.0,114.0,4.3,11.8,15.1,13.6,19.6,890.5,43.17,33100.0,0.0
71759,88.0,95.0,101.0,10.0,11.5,12.7,13.5,20.7,890.5,43.17,33100.0,0.0
71819,79.0,89.0,104.0,10.4,12.3,13.7,13.5,20.2,890.6,43.17,33100.0,0.0
71879,82.0,89.0,100.0,10.6,12.3,13.7,13.4,19.9,890.5,43.17,33100.0,0.0
71939,78.0,92.0,104.0,8.6,11.3,14.0,13.3,20.4,890.7,43.17,33100.0,0.0
71999,77.0,86.0,103.0,5.7,10.2,12.5,13.3,19.8,890.8,43.17,33100.0,0.0
72059,73.0,84.0,91.0,10.7,11.7,12.6,13.3,20.2,890.8,43.17,33100.0,0.0
72119,85.0,92.0,99.0,9.4,9.9,11.1,13.2,20.1,890.8,43.17,33100.0,0.0
72179,49.0,77.0,94.0,6.1,10.0,12.6,13.2,19.5,890.9,43.17,33100.0,0.0
72239,80.0,93.0,124.0,3.0,6.9,8.9,13.1,19.5,890.9,43.17,33100.0,0.0
72299,87.0,100.0,135.0,4.3,6.6,8.4,13.2,19.1,891.0,43.17,33100.0,0.0
72359,75.0,85.0,119.0,4.1,8.0,9.5,13.0,19.6,891.0,43.17,33100.0,0.0
72419,79.0,88.0,97.0,6.0,7.6,9.2,12.9,19.4,890.9,43.17,33100.0,0.0
72479,96.0,104.0,113.0,5.0,6.5,8.0,12.9,18.7,890.9,43.17,33100.0,0.0
72539,68.0,95.0,113.0,1.1,2.8,4.5,12.8,18.4,891.0,43.17,33100.0,0.0
72599,86.0,100.0,126.0,3.9,7.5,9.8,12.7,19.5,891.0,43.17,33100.0,0.0
72659,96.0,104.0,113.0,8.1,9.1,10.1,12.8,21.2,890.9,43.17,33100.0,0.0
72719,97.0,104.0,110.0,6.2,8.4,10.3,13.0,20.7,890.9,43.17,33100.0,0.0
72779,92.0,104.0,125.0,4.2,7.9,10.9,13.1,20.5,891.0,43.17,33100.0,0.0
72839,97.0,103.0,115.0,8.3,9.8,11.0,13.1,20.9,890.9,43.17,33100.0,0.0
72899,103.0,109.0,116.0,6.3,7.6,8.6,13.2,20.4,891.0,43.17,33100.0,0.0
72959,102.0,111.0,132.0,3.2,6.1,7.1,13.1,19.9,891.0,43.17,33100.0,0.0
73019,96.0,107.0,130.0,3.4,5.6,6.7,13.1,19.7,891.1,43.17,33100.0,0.0
73079,87.0,96.0,110.0,6.2,8.0,9.7,13.0,20.6,891.0,43.17,33100.0,0.0
73139,88.0,102.0,123.0,5.0,7.0,9.1,13.1,19.9,891.0,43.17,33100.0,0.0
73199,78.0,97.0,115.0,4.9,6.7,7.8,13.0,20.0,891.0,43.17,33100.0,0.0
73259,75.0,86.0,112.0,4.9,8.5,10.7,13.0,20.5,891.0,43.17,33100.0,0.0
73319,72.0,86.0,97.0,5.7,7.1,7.9,13.0,19.9,891.0,43.17,33100.0,0.0
73379,80.0,89.0,108.0,6.3,7.7,8.9,13.0,20.7,891.1,43.17,33100.0,0.0
73439,68.0,81.0,93.0,6.7,9.0,10.9,13.1,20.7,891.0,43.17,33100.0,0.0
73499,79.0,86.0,92.0,8.9,9.6,10.4,13.1,20.6,891.0,43.17,33100.0,0.0
73559,80.0,85.0,91.0,8.8,9.4,10.3,13.1,20.5,891.0,43.17,33100.0,0.0
73619,74.0,87.0,99.0,5.0,7.6,8.9,13.1,20.0,891.0,43.17,33100.0,0.0
73679,83.0,90.0,98.0,5.9,6.4,7.1,13.0,19.7,891.1,43.17,33100.0,0.0
73739,64.0,76.0,107.0,5.5,7.0,8.5,12.9,20.0,891.0,43.17,33100.0,0.0
73799,83.0,87.0,96.0,9.0,10.2,11.1,13.0,21.0,890.9,43.17,33100.0,0.0
73859,82.0,89.0,94.0,8.3,9.3,10.9,13.0,21.0,890.9,43.17,33100.0,0.0
73919,82.0,86.0,92.0,7.8,8.2,8.8,13.1,20.5,891.0,43.17,33100.0,0.0
73979,75.0,79.0,81.0,7.4,8.1,8.7,13.1,20.0,891.0,43.17,33100.0,0.0
74039,74.0,82.0,85.0,8.5,9.4,10.2,13.0,21.5,891.0,43.17,33100.0,0.0
74099,74.0,83.0,91.0,6.8,8.5,9.5,13.2,19.2,891.0,43.17,33100.0,0.0
74159,70.0,77.0,82.0,8.5,9.5,9.9,13.0,18.9,891.0,43.17,33100.0,0.0
74219,74.0,83.0,87.0,6.0,7.0,7.7,12.8,19.5,891.0,43.17,33100.0,0.0
74279,71.0,77.0,83.0,6.7,7.7,8.3,12.8,19.5,891.0,43.17,33100.0,0.0
74339,83.0,85.0,89.0,8.4,8.9,9.3,12.8,20.2,891.0,43.17,33100.0,0.0
74399,65.0,80.0,88.0,7.8,8.2,8.8,12.8,19.8,891.0,43.17,33100.0,0.0
74459,82.0,86.0,89.0,8.1,8.8,9.8,12.8,20.4,891.0,43.17,33100.0,0.0
74519,84.0,87.0,90.0,7.5,7.9,8.5,12.9,20.2,891.1,43.17,33100.0,0.0
74579,78.0,81.0,85.0,7.3,7.9,8.3,12.9,19.5,891.1,43.17,33100.0,0.0
74639,65.0,72.0,82.0,6.4,7.8,8.6,12.9,19.4,891.1,43.17,33100.0,0.0
74699,79.0,89.0,100.0,8.1,9.6,10.7,12.8,21.6,891.0,43.17,33100.0,0.0
74759,75.0,79.0,84.0,6.9,7.4,7.7,12.9,19.1,891.1,43.17,33100.0,0.0
74819,68.0,72.0,75.0,7.4,8.1,8.6,12.9,19.3,891.0,43.17,33100.0,0.0
74879,77.0,84.0,99.0,6.1,6.8,7.8,12.8,18.8,891.0,43.17,33100.0,0.0
74939,79.0,83.0,88.0,6.6,7.1,7.4,12.7,19.6,891.0,43.17,33100.0,0.0
74999,74.0,78.0,82.0,8.5,8.7,9.1,12.7,19.6,890.9,43.17,33100.0,0.0
75059,76.0,80.0,83.0,8.4,9.1,9.9,12.7,19.5,890.9,43.17,33100.0,0.0
75119,73.0,81.0,91.0,7.8,8.3,9.0,12.7,20.0,891.0,43.17,33100.0,0.0
75179,68.0,74.0,85.0,6.5,7.0,7.6,12.8,19.7,891.0,43.17,33100.0,0.0
75239,91.0,101.0,109.0,7.4,8.3,9.0,12.8,20.7,891.0,43.17,33100.0,0.0
75299,89.0,102.0,113.0,7.3,8.4,9.4,12.8,20.9,891.0,43.17,33100.0,0.0
75359,70.0,77.0,81.0,5.1,6.2,6.5,12.9,19.4,891.0,43.17,33100.0,0.0
75419,75.0,80.0,86.0,7.6,7.9,8.1,12.8,19.7,890.9,43.17,33100.0,0.0
75479,87.0,93.0,102.0,6.2,7.1,8.1,12.7,21.7,890.9,43.17,33100.0,0.0
75539,83.0,86.0,92.0,5.4,6.6,7.0,12.8,20.8,890.9,43.17,33100.0,0.0
75599,75.0,80.0,84.0,7.2,7.7,8.4,12.8,20.4,890.9,43.17,33100.0,0.0
75659,89.0,99.0,115.0,8.2,10.2,11.6,12.9,24.0,890.8,43.17,33100.0,0.0
75719,79.0,88.0,99.0,8.1,9.2,10.3,13.0,21.4,890.9,43.17,33100.0,0.0
75779,83.0,87.0,91.0,8.0,8.6,8.9,13.1,21.1,890.9,43.17,33100.0,0.0
75839,84.0,93.0,102.0,7.4,8.5,9.4,13.1,23.2,890.8,43.17,33100.0,0.0
75899,97.0,110.0,122.0,3.9,7.0,8.3,13.2,22.7,890.9,43.17,33100.0,0.0
75959,67.0,71.0,77.0,6.0,7.3,8.0,13.2,19.2,891.0,43.17,33100.0,0.0
76019,63.0,70.0,76.0,5.2,5.8,6.4,13.0,21.0,891.0,43.17,33100.0,0.0
76079,71.0,80.0,85.0,5.0,5.5,6.1,12.8,19.4,891.0,43.17,33100.0,0.0
76139,90.0,98.0,104.0,8.4,9.1,9.8,12.8,22.7,890.7,43.17,33100.0,0.0
76199,60.0,68.0,74.0,6.4,7.3,8.1,13.0,20.3,890.9,43.17,33100.0,0.0
76259,65.0,70.0,78.0,6.1,7.2,8.2,12.9,19.1,890.9,43.17,33100.0,0.0
76319,74.0,78.0,83.0,6.4,6.8,7.1,12.8,19.5,890.8,43.17,33100.0,0.0
76379,69.0,82.0,89.0,8.2,9.8,11.3,12.7,22.2,890.8,43.17,33100.0,0.0
76439,87.0,96.0,102.0,8.7,9.6,10.5,12.9,23.8,890.8,43.17,33100.0,0.0
76499,36.0,57.0,91.0,3.1,5.7,7.7,13.0,21.0,890.8,43.17,33100.0,0.0
76559,56.0,64.0,69.0,4.6,5.4,6.0,12.9,19.5,890.9,43.17,33100.0,0.0
76619,63.0,74.0,87.0,6.7,7.4,8.0,12.7,19.3,890.9,43.17,33100.0,0.0
76679,79.0,83.0,87.0,7.8,8.3,8.8,12.7,21.8,890.8,43.17,33100.0,0.0
76739,102.0,106.0,109.0,12.8,13.8,14.6,12.8,25.1,890.4,43.17,33100.0,0.0
76799,92.0,103.0,108.0,8.0,9.2,9.9,13.1,23.1,890.7,43.17,33100.0,0.0
76859,35.0,65.0,89.0,2.6,5.1,7.1,13.2,21.6,890.9,43.17,33100.0,0.0
76919,71.0,86.0,101.0,5.8,7.5,8.4,13.0,19.4,890.9,43.17,33100.0,0.0
76979,74.0,85.0,96.0,6.2,7.5,8.7,13.0,22.7,890.8,43.17,33100.0,0.0
77039,75.0,82.0,95.0,5.6,6.9,7.9,13.1,20.9,890.9,43.17,33100.0,0.0
77099,67.0,72.0,78.0,7.3,7.9,8.6,12.9,20.8,890.9,43.17,33100.0,0.0
77159,84.0,88.0,97.0,6.5,7.3,7.9,12.9,22.4,890.9,43.17,33100.0,0.0
77219,59.0,68.0,73.0,5.2,6.4,7.9,12.9,20.4,890.9,43.17,33100.0,0.0
77279,68.0,76.0,83.0,6.9,7.6,8.7,12.8,20.4,890.9,43.17,33100.0,0.0
77339,92.0,99.0,108.0,6.5,7.5,10.6,12.8,20.9,890.8,43.17,33100.0,0.0
77399,61.0,84.0,125.0,2.8,4.6,7.0,12.9,24.2,890.9,43.17,33100.0,0.0
77459,64.0,70.0,78.0,6.0,6.9,7.7,13.0,20.1,890.9,43.17,33100.0,0.0
77519,78.0,83.0,86.0,8.0,8.7,9.5,12.8,21.5,890.8,43.17,33100.0,0.0
77579,77.0,88.0,112.0,5.9,8.7,9.8,13.0,26.7,890.7,43.17,33100.0,0.0
77639,65.0,69.0,72.0,8.3,9.0,10.0,13.2,20.1,890.8,43.17,33100.0,0.0
77699,67.0,73.0,83.0,8.5,9.5,11.4,13.0,20.3,890.8,43.17,33100.0,0.0
77759,77.0,90.0,103.0,7.8,8.7,9.6,13.1,23.2,890.7,43.17,33100.0,0.0
77819,66.0,70.0,71.0,9.7,10.2,10.6,13.1,20.2,890.7,43.17,33100.0,0.0
77879,85.0,93.0,103.0,11.6,12.6,13.6,13.0,24.2,890.6,43.17,33100.0,0.0
77939,70.0,76.0,81.0,8.6,9.9,10.9,13.2,23.2,890.7,43.17,33100.0,0.0
77999,69.0,74.0,88.0,8.9,9.7,11.4,13.3,21.2,890.7,43.17,33100.0,0.0
78059,63.0,70.0,84.0,7.0,8.5,10.4,13.2,22.2,890.7,43.17,33100.0,0.0
78119,61.0,68.0,78.0,7.5,9.1,10.6,13.2,21.3,890.7,43.17,33100.0,0.0
78179,68.0,72.0,79.0,8.0,8.9,9.7,13.2,21.6,890.8,43.17,33100.0,0.0
78239,69.0,75.0,83.0,8.5,8.9,9.3,13.1,20.9,890.8,43.17,33100.0,0.0
78299,86.0,92.0,110.0,5.3,7.3,8.6,13.0,23.1,890.8,43.17,33100.0,0.0
78359,104.0,114.0,126.0,7.1,9.2,10.6,13.2,25.0,890.6,43.17,33100.0,0.0
78419,64.0,70.0,78.0,7.8,9.7,10.7,13.3,21.0,890.8,43.17,33100.0,0.0
78479,81.0,85.0,90.0,7.7,8.3,9.1,13.2,20.9,890.9,43.17,33100.0,0.0
78539,83.0,89.0,98.0,6.2,7.5,8.4,13.0,21.5,890.8,43.17,33100.0,0.0
78599,86.0,95.0,102.0,4.3,6.4,7.7,13.1,21.0,890.9,43.17,33100.0,0.0
78659,79.0,95.0,111.0,3.9,5.2,7.3,12.9,20.8,890.9,43.17,33100.0,0.0
78719,97.0,104.0,112.0,5.8,6.6,7.3,12.8,21.3,890.8,43.17,33100.0,0.0
78779,87.0,96.0,107.0,6.7,7.4,8.1,12.9,23.2,890.9,43.17,33100.0,0.0
78839,89.0,95.0,101.0,6.5,7.3,7.6,13.0,21.5,890.9,43.17,33100.0,0.0
78899,87.0,94.0,106.0,9.1,10.6,11.1,13.0,22.3,890.7,43.17,33100.0,0.0
78959,82.0,94.0,102.0,5.6,6.7,7.7,13.2,22.7,890.9,43.17,33100.0,0.0
79019,90.0,102.0,115.0,5.2,6.4,7.3,13.3,21.5,890.8,43.17,33100.0,0.0
79079,97.0,102.0,108.0,7.1,8.0,8.9,13.2,22.6,890.8,43.17,33100.0,0.0
79139,103.0,107.0,112.0,12.6,13.8,14.8,13.3,22.9,890.4,43.17,33100.0,0.0
79199,97.0,106.0,123.0,6.5,7.7,10.5,13.5,22.4,890.8,43.17,33100.0,0.0
79259,102.0,114.0,131.0,3.5,6.9,8.3,13.4,21.7,890.8,43.17,33100.0,0.0
79319,79.0,93.0,101.0,6.8,8.4,10.1,13.3,21.8,890.7,43.17,33100.0,0.0
79379,104.0,109.0,118.0,5.5,6.7,7.3,13.3,21.3,890.7,43.17,33100.0,0.0
79439,89.0,98.0,106.0,8.1,10.1,11.7,13.1,23.5,890.7,43.17,33100.0,0.0
79499,86.0,94.0,101.0,6.0,7.1,8.0,13.3,22.2,890.8,43.17,33100.0,0.0
79559,95.0,104.0,115.0,4.2,7.5,9.5,13.2,22.0,890.7,43.17,33100.0,0.0
79619,87.0,96.0,104.0,7.6,8.4,9.1,13.2,21.9,890.8,43.17,33100.0,0.0
79679,94.0,104.0,116.0,7.9,9.2,10.0,13.2,22.9,890.7,43.17,33100.0,0.0
79739,82.0,94.0,108.0,6.7,7.9,8.6,13.3,22.6,890.7,43.17,33100.0,0.0
79799,87.0,94.0,100.0,7.7,8.4,9.3,13.3,22.9,890.6,43.17,33100.0,0.0
79859,88.0,94.0,101.0,7.3,8.5,9.5,13.3,22.5,890.6,43.17,33100.0,0.0
79919,72.0,87.0,102.0,2.3,4.1,5.6,13.4,22.2,890.7,43.17,33100.0,0.0
79979,88.0,98.0,109.0,6.4,8.0,9.3,13.4,22.3,890.6,43.17,33100.0,0.0
80039,104.0,107.0,115.0,8.8,9.3,9.9,13.4,22.4,890.5,43.17,33100.0,0.0
80099,87.0,94.0,102.0,11.1,12.5,14.2,13.4,24.0,890.4,43.17,33100.0,0.0
80159,86.0,93.0,102.0,9.4,10.4,11.3,13.6,24.2,890.5,43.17,33100.0,0.0
80219,65.0,77.0,85.0,7.1,7.8,8.7,13.7,22.3,890.6,43.17,33100.0,0.0
80279,96.0,107.0,115.0,7.2,9.2,10.5,13.6,22.5,890.5,43.17,33100.0,0.0
80339,81.0,96.0,106.0,7.4,8.8,10.5,13.5,22.8,890.5,43.17,33100.0,0.0
80399,86.0,95.0,105.0,9.2,12.1,14.6,13.5,23.4,890.4,43.17,33100.0,0.0
80459,103.0,111.0,132.0,7.0,11.0,13.5,13.7,23.9,890.2,43.17,33100.0,0.0
80519,74.0,90.0,107.0,5.0,6.9,8.5,13.8,22.6,890.6,43.17,33100.0,0.0
80579,73.0,84.0,93.0,8.8,9.7,10.8,13.7,22.0,890.5,43.17,33100.0,0.0
80639,81.0,89.0,94.0,9.8,11.6,12.7,13.6,22.5,890.3,43.17,33100.0,0.0
80699,82.0,86.0,89.0,9.2,10.2,11.0,13.7,21.8,890.4,43.17,33100.0,0.0
80759,97.0,101.0,112.0,11.0,12.7,14.0,13.6,21.8,890.2,43.17,33100.0,0.0
80819,83.0,92.0,101.0,9.0,11.9,14.2,13.6,23.2,890.4,43.17,33100.0,0.0
80879,80.0,91.0,111.0,6.7,12.2,14.9,13.7,22.0,890.2,43.17,33100.0,0.0
80939,70.0,92.0,105.0,7.9,9.9,12.3,13.7,21.8,890.4,43.17,33100.0,0.0
80999,89.0,99.0,103.0,10.3,12.1,12.9,13.6,21.9,890.2,43.17,33100.0,0.0
81059,98.0,102.0,106.0,10.0,10.5,11.5,13.6,21.9,890.3,43.17,33100.0,0.0
81119,88.0,99.0,107.0,10.4,11.7,13.1,13.6,21.3,890.3,43.17,33100.0,0.0
81179,86.0,97.0,110.0,8.4,10.6,14.1,13.5,21.0,890.3,43.17,33100.0,0.0
81239,100.0,109.0,120.0,10.6,13.0,14.9,13.4,22.0,890.1,43.17,33100.0,0.0
81299,74.0,92.0,104.0,7.5,9.8,11.0,13.4,21.6,890.4,43.17,33100.0,0.0
81359,98.0,104.0,114.0,8.8,10.1,11.4,13.4,21.3,890.4,43.17,33100.0,0.0
81419,102.0,108.0,117.0,8.2,10.7,12.7,13.3,21.4,890.4,43.17,33100.0,0.0
81479,107.0,111.0,118.0,12.0,13.2,15.4,13.4,21.9,890.2,43.17,33100.0,0.0
81539,95.0,107.0,131.0,5.0,7.7,9.3,13.5,21.6,890.5,43.17,33100.0,0.0
81599,90.0,101.0,109.0,7.4,9.3,10.8,13.5,21.4,890.6,43.17,33100.0,0.0
81659,95.0,114.0,128.0,2.8,4.8,7.0,13.5,23.1,890.5,43.17,33100.0,0.0
81719,98.0,108.0,115.0,7.6,8.2,8.9,13.6,21.2,890.5,43.17,33100.0,0.0
81779,98.0,102.0,110.0,6.0,7.8,8.8,13.5,21.5,890.6,43.17,33100.0,0.0
81839,82.0,89.0,96.0,7.6,8.9,10.2,13.5,22.5,890.5,43.17,33100.0,0.0
81899,72.0,80.0,88.0,6.5,7.4,8.2,13.5,22.3,890.6,43.17,33100.0,0.0
81959,87.0,95.0,102.0,6.5,7.0,7.3,13.6,21.7,890.6,43.17,33100.0,0.0
82019,85.0,99.0,106.0,8.2,9.8,11.4,13.5,22.9,890.5,43.17,33100.0,0.0
82079,94.0,107.0,118.0,7.8,10.0,13.7,13.6,22.3,890.3,43.17,33100.0,0.0
82139,29.0,94.0,124.0,1.5,6.9,9.3,13.7,22.3,890.5,43.17,33100.0,0.0
82199,89.0,96.0,105.0,6.9,7.6,8.8,13.6,22.4,890.5,43.17,33100.0,0.0
82259,73.0,86.0,109.0,7.8,8.4,9.3,13.6,22.9,890.5,43.17,33100.0,0.0
82319,74.0,90.0,98.0,10.0,11.3,13.6,13.6,23.2,890.5,43.17,33100.0,0.0
82379,100.0,107.0,112.0,8.4,10.8,13.0,13.8,22.6,890.3,43.17,33100.0,0.0
82439,84.0,93.0,101.0,5.6,7.2,9.0,13.7,22.2,890.6,43.17,33100.0,0.0
82499,83.0,89.0,95.0,7.0,8.3,10.1,13.7,22.7,890.6,43.17,33100.0,0.0
82559,66.0,81.0,94.0,7.2,8.6,10.2,13.7,22.1,890.6,43.17,33100.0,0.0
82619,73.0,80.0,91.0,4.2,5.0,5.7,13.6,22.2,890.6,43.17,33100.0,0.0
82679,80.0,86.0,93.0,8.3,9.0,9.7,13.6,23.0,890.6,43.17,33100.0,0.0
82739,85.0,94.0,123.0,5.2,8.4,9.5,13.7,23.6,890.5,43.17,33100.0,0.0
82799,82.0,92.0,100.0,6.1,7.1,8.4,13.7,22.5,890.6,43.17,33100.0,0.0
82859,72.0,84.0,90.0,7.3,9.3,10.7,13.7,22.7,890.5,43.17,33100.0,0.0
82919,84.0,89.0,98.0,5.2,6.2,7.1,13.7,22.9,890.5,43.17,33100.0,0.0
82979,71.0,88.0,113.0,3.6,5.3,7.3,13.7,22.0,890.5,43.17,33100.0,0.0
83039,66.0,81.0,95.0,5.1,6.5,7.5,13.6,22.3,890.6,43.17,33100.0,0.0
83099,72.0,92.0,108.0,5.0,6.9,8.9,13.5,22.6,890.6,43.17,33100.0,0.0
83159,87.0,95.0,104.0,7.9,9.0,10.3,13.5,22.9,890.6,43.17,33100.0,0.0
83219,72.0,79.0,86.0,6.3,7.0,7.6,13.6,22.8,890.6,43.17,33100.0,0.0
83279,67.0,74.0,80.0,5.9,7.6,8.7,13.6,22.4,890.6,43.17,33100.0,0.0
83339,74.0,88.0,98.0,8.4,10.1,11.9,13.6,24.8,890.5,43.17,33100.0,0.0
83399,63.0,72.0,81.0,7.8,8.6,9.7,13.9,25.2,890.5,43.17,33100.0,0.0
83459,38.0,64.0,123.0,3.5,7.8,10.7,14.1,23.8,890.5,43.17,33100.0,0.0
83519,77.0,88.0,102.0,5.6,7.0,8.3,14.1,23.6,890.5,43.17,33100.0,0.0
83579,66.0,71.0,78.0,5.0,6.7,8.0,14.0,23.3,890.6,43.17,33100.0,0.0
83639,52.0,67.0,76.0,5.4,6.4,7.6,13.9,23.0,890.6,43.17,33100.0,0.0
83699,70.0,77.0,88.0,5.0,6.4,7.8,13.9,23.0,890.5,43.17,33100.0,0.0
83759,65.0,72.0,82.0,4.4,6.3,7.6,13.8,23.3,890.6,43.17,33100.0,0.0
83819,65.0,73.0,84.0,7.4,8.2,8.9,13.8,23.7,890.4,43.17,33100.0,0.0
83879,41.0,71.0,96.0,4.5,6.4,9.2,13.8,23.5,890.5,43.17,33100.0,0.0
83939,84.0,94.0,106.0,4.9,5.9,7.1,13.9,23.0,890.5,43.17,33100.0,0.0
83999,67.0,75.0,84.0,2.4,3.4,4.0,13.8,22.8,890.5,43.17,33100.0,0.0
84059,75.0,84.0,89.0,5.4,6.1,7.1,13.7,22.9,890.5,43.17,33100.0,0.0
84119,84.0,91.0,97.0,5.5,6.5,7.7,13.7,23.7,890.4,43.17,33100.0,0.0
84179,74.0,87.0,108.0,4.4,5.9,7.0,13.7,22.8,890.4,43.17,33100.0,0.0
84239,93.0,99.0,104.0,5.9,7.3,8.6,13.7,23.1,890.4,43.17,33100.0,0.0
84299,97.0,101.0,108.0,4.0,4.7,5.7,13.8,23.9,890.4,43.17,33100.0,0.0
84359,81.0,86.0,97.0,2.9,4.0,4.7,13.8,23.4,890.5,43.17,33100.0,0.0
84419,91.0,106.0,124.0,2.6,2.9,3.2,13.8,23.2,890.5,43.17,33100.0,0.0
84479,103.0,117.0,162.0,2.0,2.5,2.9,13.8,23.6,890.5,43.17,33100.0,0.0
84539,73.0,93.0,115.0,2.6,3.3,3.9,13.7,23.2,890.5,43.17,33100.0,0.0
84599,88.0,104.0,112.0,3.9,4.9,6.2,13.7,23.1,890.5,43.17,33100.0,0.0
84659,92.0,99.0,104.0,2.4,4.0,4.6,13.7,23.4,890.5,43.17,33100.0,0.0
84719,89.0,103.0,121.0,5.8,6.8,7.9,13.7,23.7,890.4,43.17,33100.0,0.0
84779,98.0,114.0,136.0,2.3,5.1,7.4,13.7,23.1,890.4,43.17,33100.0,0.0
84839,16.0,101.0,133.0,0.8,2.5,5.4,13.8,23.1,890.4,43.17,33100.0,0.0
84899,77.0,124.0,174.0,0.7,2.3,4.1,13.7,22.9,890.4,43.17,33100.0,0.0
84959,76.0,105.0,132.0,0.6,3.0,4.9,13.7,22.8,890.4,43.17,33100.0,0.0
85019,89.0,103.0,118.0,4.2,5.3,6.7,13.6,23.4,890.4,43.17,33100.0,0.0
85079,92.0,114.0,132.0,2.5,3.8,4.8,13.6,23.2,890.4,43.17,33100.0,0.0
85139,91.0,111.0,128.0,2.2,3.0,3.9,13.6,23.2,890.4,43.17,33100.0,0.0
85199,51.0,98.0,143.0,0.2,0.4,0.8,13.6,22.9,890.4,43.17,33100.0,0.0
85259,153.0,80.0,342.0,0.2,0.6,1.2,13.5,22.9,890.5,43.17,33100.0,0.0
85319,235.0,101.0,285.0,0.1,0.6,1.3,13.5,23.0,890.4,43.17,33100.0,0.0
85379,206.0,64.0,288.0,0.1,0.2,0.4,13.4,22.9,890.4,43.17,33100.0,0.0
85439,255.0,294.0,302.0,0.1,0.3,0.8,13.4,22.1,890.4,43.17,33100.0,0.0
85499,274.0,305.0,327.0,0.4,0.7,1.5,13.3,22.5,890.4,43.17,33100.0,0.0
85559,309.0,327.0,351.0,1.2,1.4,1.8,13.2,21.5,890.4,43.17,33100.0,0.0
85619,15.0,3.0,353.0,2.1,2.4,2.7,13.2,20.9,890.4,43.17,33100.0,0.0
85679,8.0,12.0,17.0,2.5,2.7,2.8,13.1,20.1,890.4,43.17,33100.0,0.0
85739,29.0,6.0,338.0,2.6,3.5,4.1,13.0,20.6,890.4,43.17,33100.0,0.0
85799,3.0,15.0,43.0,2.1,2.5,2.8,13.0,21.3,890.3,43.17,33100.0,0.0
85859,25.0,11.0,355.0,3.1,3.6,3.9,13.0,22.1,890.3,43.17,33100.0,0.0
85919,3.0,17.0,27.0,2.4,2.6,2.8,13.0,21.7,890.4,43.17,33100.0,0.0
85979,5.0,32.0,73.0,1.4,2.3,3.2,13.1,21.4,890.3,43.17,33100.0,0.0
86039,31.0,3.0,337.0,0.9,1.4,1.9,13.1,22.4,890.3,43.17,33100.0,0.0
86099,26.0,32.0,37.0,2.7,3.0,3.3,13.2,22.4,890.3,43.17,33100.0,0.0
86159,21.0,26.0,33.0,2.4,2.8,3.2,13.2,20.6,890.3,43.17,33100.0,0.0
86219,42.0,73.0,117.0,1.4,3.0,4.5,13.2,22.5,890.3,43.17,33100.0,0.0
86279,60.0,72.0,82.0,2.7,3.0,3.3,13.3,23.0,890.3,43.17,33100.0,0.0
86339,83.0,92.0,99.0,1.8,2.4,3.3,13.4,21.9,890.3,43.17,33100.0,0.0
