t,Dn,Dm,Dx,Sn,Sm,Sx,Ta,Ua,Pa,Rc,Rd,Ri
0,288.0,292.0,296.0,3.3,3.6,3.9,3.4,91.4,910.9,51.39,25970.0,0.0
60,307.0,334.0,94.0,1.6,2.6,3.4,3.4,91.4,910.9,51.39,25970.0,0.0
120,294.0,317.0,14.0,1.2,1.5,2.2,3.4,91.4,910.8,51.39,25970.0,0.0
180,306.0,317.0,325.0,1.8,2.2,2.9,3.4,91.4,910.9,51.39,25970.0,0.0
240,298.0,338.0,61.0,0.4,1.7,2.9,3.4,91.4,910.8,51.39,25970.0,0.0
300,286.0,335.0,56.0,0.5,1.4,2.7,3.4,91.4,910.8,51.39,25970.0,0.0
360,304.0,320.0,354.0,2.3,3.6,4.8,3.4,91.4,910.7,51.39,25970.0,0.0
420,307.0,319.0,325.0,1.8,3.1,4.1,3.4,91.4,910.8,51.39,25970.0,0.0
480,319.0,333.0,357.0,2.7,3.4,4.6,3.5,91.4,910.7,51.39,25970.0,0.0
540,310.0,321.0,330.0,2.7,3.3,4.3,3.4,91.4,910.7,51.39,25970.0,0.0
600,317.0,331.0,346.0,2.3,2.7,3.1,3.4,91.4,910.7,51.39,25970.0,0.0
660,300.0,13.0,108.0,0.9,1.6,2.2,3.5,91.4,910.7,51.39,25970.0,0.0
720,304.0,316.0,326.0,1.4,2.3,3.0,3.5,91.4,910.7,51.39,25970.0,0.0
780,261.0,333.0,126.0,1.1,2.3,3.2,3.5,91.4,910.7,51.39,25970.0,0.0
840,299.0,315.0,329.0,1.5,2.1,2.7,3.5,91.4,910.7,51.39,25970.0,0.0
900,290.0,326.0,32.0,1.1,2.0,2.7,3.5,91.4,910.7,51.39,25970.0,0.0
960,292.0,314.0,329.0,1.2,2.2,3.1,3.5,91.4,910.6,51.39,25970.0,0.0
1020,302.0,318.0,341.0,1.5,2.0,2.7,3.4,91.4,910.6,51.39,25970.0,0.0
1080,299.0,328.0,358.0,1.8,3.0,3.8,3.4,91.4,910.6,51.39,25970.0,0.0
1140,299.0,326.0,40.0,1.3,2.4,2.8,3.4,91.4,910.6,51.39,25970.0,0.0
1200,305.0,320.0,330.0,3.1,3.8,4.6,3.4,91.4,910.6,51.39,25970.0,0.0
1260,296.0,312.0,322.0,1.7,2.6,3.3,3.4,91.4,910.6,51.39,25970.0,0.0
1320,318.0,332.0,358.0,2.0,3.2,3.9,3.3,91.4,910.6,51.39,25970.0,0.0
1380,289.0,309.0,325.0,1.1,1.9,2.5,3.3,91.4,910.6,51.39,25970.0,0.0
1440,293.0,317.0,330.0,2.3,3.0,3.7,3.3,91.4,910.6,51.39,25970.0,0.0
1500,299.0,328.0,356.0,1.9,3.3,4.5,3.3,91.4,910.7,51.39,25970.0,0.0
1560,284.0,301.0,323.0,2.2,2.5,2.8,3.3,91.4,910.7,51.39,25970.0,0.0
1620,320.0,331.0,352.0,1.7,2.2,2.7,3.3,91.4,910.7,51.39,25970.0,0.0
1680,344.0,12.0,33.0,2.6,3.5,4.2,3.3,91.4,910.7,51.39,25970.0,0.0
1740,302.0,318.0,351.0,0.8,2.0,3.0,3.3,91.4,910.7,51.39,25970.0,0.0
1800,340.0,18.0,53.0,0.8,1.9,2.9,3.4,91.4,910.7,51.39,25970.0,0.0
1860,304.0,316.0,324.0,1.5,1.8,2.1,3.4,91.4,910.7,51.39,25970.0,0.0
1920,286.0,307.0,325.0,1.1,1.6,2.3,3.4,91.4,910.7,51.39,25970.0,0.0
1980,288.0,310.0,329.0,1.7,2.2,2.5,3.4,91.4,910.7,51.39,25970.0,0.0
2040,317.0,322.0,331.0,2.6,3.5,4.3,3.4,91.4,910.6,51.39,25970.0,0.0
2100,297.0,311.0,323.0,3.0,4.2,5.6,3.4,91.4,910.7,51.39,25970.0,0.0
2160,285.0,327.0,94.0,0.7,1.5,2.9,3.4,91.3,910.7,51.39,25970.0,0.0
2220,343.0,351.0,4.0,4.0,4.8,6.1,3.4,91.3,910.6,51.39,25970.0,0.0
2280,343.0,356.0,19.0,4.5,5.9,7.0,3.4,91.3,910.5,51.39,25970.0,0.0
2340,343.0,352.0,11.0,5.3,6.4,7.4,3.4,91.3,910.5,51.39,25970.0,0.0
2400,344.0,354.0,20.0,4.4,6.0,7.3,3.4,91.3,910.4,51.39,25970.0,0.0
2460,342.0,344.0,347.0,5.7,6.6,7.7,3.4,91.2,910.4,51.39,25970.0,0.0
2520,318.0,332.0,347.0,2.9,4.5,5.8,3.3,91.2,910.4,51.39,25970.0,0.0
2580,245.0,328.0,67.0,1.8,4.2,6.2,3.3,91.2,910.4,51.39,25970.0,0.0
2640,259.0,310.0,330.0,1.6,4.4,5.8,3.3,91.1,910.4,51.39,25970.0,0.0
2700,308.0,340.0,2.0,2.4,3.5,4.3,3.2,91.1,910.3,51.39,25970.0,0.0
2760,343.0,348.0,0.0,5.0,5.7,6.6,3.2,91.0,910.3,51.39,25970.0,0.0
2820,329.0,341.0,344.0,5.3,6.5,7.4,3.2,91.0,910.3,51.39,25970.0,0.0
2880,336.0,344.0,13.0,5.1,6.7,7.8,3.3,90.9,910.2,51.39,25970.0,0.0
2940,326.0,339.0,343.0,4.7,6.2,7.4,3.3,90.8,910.2,51.39,25970.0,0.0
3000,333.0,340.0,343.0,6.0,6.5,7.2,3.3,90.8,910.2,51.39,25970.0,0.0
3060,338.0,345.0,4.0,3.6,5.2,5.9,3.3,90.7,910.2,51.39,25970.0,0.0
3120,343.0,346.0,355.0,6.5,7.4,8.0,3.3,90.7,910.2,51.39,25970.0,0.0
3180,343.0,346.0,0.0,5.9,7.8,8.8,3.3,90.5,910.2,51.39,25970.0,0.0
3240,330.0,357.0,24.0,3.3,4.3,5.2,3.4,90.4,910.2,51.39,25970.0,0.0
3300,342.0,351.0,12.0,5.5,6.6,8.2,3.4,90.3,910.1,51.39,25970.0,0.0
3360,319.0,333.0,20.0,2.6,4.9,7.2,3.3,90.2,910.1,51.39,25970.0,0.0
3420,330.0,336.0,342.0,6.8,7.7,8.3,3.3,90.0,910.1,51.39,25970.0,0.0
3480,325.0,352.0,8.0,4.4,5.7,6.4,3.4,89.9,910.1,51.39,25970.0,0.0
3540,334.0,341.0,348.0,6.3,7.2,8.5,3.4,89.7,910.1,51.39,25970.0,0.0
3600,304.0,324.0,348.0,4.5,5.4,6.6,3.4,89.4,910.1,51.39,25970.0,0.0
3660,310.0,332.0,17.0,3.8,4.9,6.6,3.4,89.2,910.1,51.39,25970.0,0.0
3720,320.0,333.0,344.0,4.6,5.8,6.8,3.4,89.1,910.1,51.39,25970.0,0.0
3780,314.0,320.0,327.0,4.8,5.9,6.5,3.4,88.9,910.2,51.39,25970.0,0.0
3840,293.0,316.0,335.0,3.2,4.9,7.1,3.4,88.7,910.2,51.39,25970.0,0.0
3900,316.0,325.0,340.0,3.4,5.2,6.1,3.4,88.6,910.2,51.39,25970.0,0.0
3960,305.0,316.0,322.0,3.0,4.4,6.6,3.4,88.4,910.2,51.39,25970.0,0.0
4020,307.0,318.0,331.0,3.0,4.0,5.2,3.4,88.2,910.3,51.39,25970.0,0.0
4080,307.0,318.0,331.0,3.0,4.0,5.2,3.4,88.0,910.2,51.39,25970.0,0.0
4140,307.0,318.0,331.0,3.0,4.0,5.2,3.4,87.8,910.3,51.39,25970.0,0.0
4200,318.0,342.0,53.0,2.5,4.1,6.1,3.3,87.6,910.4,51.39,25970.0,0.0
4260,295.0,314.0,326.0,1.9,2.5,3.4,3.4,87.4,910.5,51.39,25970.0,0.0
4320,316.0,323.0,328.0,1.9,2.3,3.0,3.4,87.2,910.5,51.39,25970.0,0.0
4380,322.0,335.0,6.0,2.1,2.9,4.2,3.3,87.1,910.5,51.39,25970.0,0.0
4440,322.0,335.0,6.0,2.1,2.9,4.2,3.3,86.9,910.6,51.39,25970.0,0.0
4500,301.0,336.0,79.0,1.2,1.9,3.4,3.4,86.8,910.6,51.39,25970.0,0.0
4560,280.0,288.0,309.0,1.1,1.4,1.7,3.4,86.8,910.7,51.39,25970.0,0.0
4620,296.0,323.0,28.0,0.3,1.0,1.6,3.4,86.8,910.7,51.39,25970.0,0.0
4680,306.0,316.0,327.0,0.9,1.8,3.2,3.3,86.8,910.7,51.39,25970.0,0.0
4740,312.0,343.0,125.0,1.5,2.7,3.9,3.3,86.8,910.7,51.39,25970.0,0.0
4800,319.0,327.0,349.0,1.3,2.3,3.2,3.3,86.7,910.7,51.39,25970.0,0.0
4860,217.0,298.0,329.0,0.8,1.7,2.5,3.3,86.7,910.7,51.39,25970.0,0.0
4920,301.0,332.0,39.0,1.0,2.0,2.8,3.3,86.7,910.7,51.39,25970.0,0.0
4980,284.0,306.0,327.0,1.1,2.2,3.4,3.2,86.7,910.7,51.39,25970.0,0.0
5040,294.0,312.0,322.0,0.9,1.8,3.2,3.2,86.9,910.7,51.39,25970.0,0.0
5100,302.0,318.0,329.0,1.4,2.5,3.4,3.2,87.0,910.7,51.39,25970.0,0.0
5160,318.0,324.0,328.0,2.6,3.1,3.6,3.2,87.1,910.6,51.39,25970.0,0.0
5220,309.0,319.0,329.0,2.1,2.5,3.1,3.2,87.1,910.6,51.39,25970.0,0.0
5280,315.0,322.0,329.0,2.7,3.7,4.2,3.2,87.1,910.5,51.39,25970.0,0.0
5340,296.0,313.0,331.0,1.2,3.1,5.1,3.2,87.1,910.5,51.39,25970.0,0.0
5400,320.0,351.0,127.0,1.9,3.4,4.3,3.2,87.2,910.5,51.39,25970.0,0.0
5460,322.0,329.0,341.0,2.7,4.9,6.3,3.2,87.2,910.4,51.39,25970.0,0.0
5520,312.0,320.0,329.0,2.3,3.7,4.5,3.2,87.2,910.4,51.39,25970.0,0.0
5580,305.0,320.0,325.0,3.2,3.8,4.4,3.2,87.3,910.4,51.39,25970.0,0.0
5640,292.0,325.0,99.0,1.5,2.9,4.2,3.1,87.3,910.4,51.39,25970.0,0.0
5700,288.0,320.0,18.0,1.6,2.9,4.5,3.1,87.3,910.4,51.39,25970.0,0.0
5760,321.0,343.0,51.0,1.6,2.9,3.8,3.1,87.3,910.4,51.39,25970.0,0.0
5820,310.0,326.0,3.0,2.7,3.3,4.8,3.0,87.3,910.4,51.39,25970.0,0.0
5880,310.0,326.0,3.0,2.7,3.3,4.8,3.1,87.2,910.4,51.39,25970.0,0.0
5940,310.0,326.0,3.0,2.7,3.3,4.8,3.0,87.2,910.4,51.39,25970.0,0.0
6000,344.0,0.0,28.0,3.8,4.4,5.3,3.0,87.2,910.4,51.39,25970.0,0.0
6060,349.0,0.0,20.0,3.6,4.1,4.5,3.0,87.2,910.3,51.39,25970.0,0.0
6120,344.0,355.0,13.0,3.8,5.0,6.3,3.0,87.2,910.3,51.39,25970.0,0.0
6180,344.0,355.0,13.0,3.8,5.0,6.3,3.0,87.2,910.3,51.39,25970.0,0.0
6240,307.0,340.0,358.0,3.5,5.0,6.1,3.0,87.2,910.3,51.39,25970.0,0.0
6300,294.0,320.0,339.0,3.0,4.0,5.4,2.9,87.1,910.3,51.39,25970.0,0.0
6360,343.0,348.0,358.0,3.9,5.3,6.2,2.9,86.9,910.3,51.39,25970.0,0.0
6420,343.0,348.0,358.0,3.9,5.3,6.2,2.9,86.7,910.2,51.39,25970.0,0.0
6480,343.0,348.0,358.0,3.9,5.3,6.2,3.0,86.4,910.2,51.39,25970.0,0.0
6540,344.0,4.0,25.0,3.7,4.6,5.8,3.0,85.9,910.2,51.39,25970.0,0.0
6600,345.0,8.0,33.0,3.2,4.0,4.7,3.0,85.4,910.1,51.39,25970.0,0.0
6660,349.0,3.0,13.0,3.9,4.6,6.7,3.0,84.9,910.1,51.39,25970.0,0.0
6720,349.0,3.0,13.0,3.9,4.6,6.7,3.0,84.2,910.1,51.39,25970.0,0.0
6780,344.0,351.0,2.0,4.9,5.6,6.4,3.0,83.8,910.1,51.39,25970.0,0.0
6840,308.0,342.0,65.0,1.9,2.7,3.8,3.0,83.4,910.1,51.39,25970.0,0.0
6900,321.0,329.0,342.0,4.5,5.2,6.2,2.9,83.4,910.2,51.39,25970.0,0.0
6960,321.0,329.0,342.0,4.5,5.2,6.2,2.9,82.9,910.2,51.39,25970.0,0.0
7020,321.0,329.0,342.0,4.5,5.2,6.2,2.8,82.8,910.2,51.39,25970.0,0.0
7080,321.0,329.0,342.0,4.5,5.2,6.2,2.8,82.5,910.2,51.39,25970.0,0.0
7140,337.0,357.0,33.0,3.9,5.3,6.8,2.8,82.0,910.2,51.39,25970.0,0.0
7200,343.0,350.0,8.0,5.6,6.8,7.9,2.8,81.9,910.2,51.39,25970.0,0.0
7260,321.0,326.0,334.0,4.0,4.3,4.7,2.8,81.8,910.2,51.39,25970.0,0.0
7320,310.0,333.0,17.0,4.2,5.1,6.7,2.7,81.9,910.3,51.39,25970.0,0.0
7380,321.0,324.0,330.0,4.2,5.2,6.4,2.7,81.8,910.3,51.39,25970.0,0.0
7440,321.0,324.0,330.0,4.2,5.2,6.4,2.7,81.4,910.3,51.39,25970.0,0.0
7500,321.0,324.0,330.0,4.2,5.2,6.4,2.6,81.5,910.4,51.39,25970.0,0.0
7560,321.0,326.0,330.0,2.8,3.4,4.0,2.6,81.1,910.3,51.39,25970.0,0.0
7620,292.0,310.0,329.0,1.9,2.9,4.4,2.6,81.0,910.3,51.39,25970.0,0.0
7680,292.0,321.0,330.0,2.1,2.8,3.6,2.6,80.9,910.3,51.39,25970.0,0.0
7740,290.0,325.0,4.0,2.0,3.3,3.9,2.5,80.9,910.3,51.39,25970.0,0.0
7800,321.0,141.0,302.0,0.5,1.0,1.5,2.5,80.2,910.2,51.39,25970.0,0.0
7860,290.0,312.0,329.0,2.1,2.9,4.2,2.5,80.2,910.2,51.39,25970.0,0.0
7920,301.0,341.0,106.0,0.7,2.4,3.7,2.4,79.4,910.2,51.39,25970.0,0.0
7980,304.0,334.0,59.0,1.9,3.2,4.2,2.4,78.5,910.2,51.39,25970.0,0.0
8040,317.0,324.0,330.0,1.8,2.3,3.0,2.4,78.3,910.2,51.39,25970.0,0.0
8100,308.0,317.0,326.0,2.1,3.5,6.0,2.4,76.8,910.2,51.39,25970.0,0.0
8160,318.0,323.0,327.0,3.0,4.0,5.0,2.4,75.3,910.2,51.39,25970.0,0.0
8220,309.0,321.0,328.0,2.4,3.8,4.9,2.4,74.3,910.1,51.39,25970.0,0.0
8280,309.0,321.0,328.0,2.4,3.8,4.9,2.4,74.2,910.1,51.39,25970.0,0.0
8340,277.0,311.0,328.0,2.4,3.5,4.9,2.4,74.5,910.2,51.39,25970.0,0.0
8400,300.0,332.0,99.0,0.7,1.6,3.0,2.4,74.6,910.3,51.39,25970.0,0.0
8460,307.0,316.0,329.0,1.8,2.1,2.5,2.3,74.7,910.4,51.39,25970.0,0.0
8520,298.0,315.0,330.0,1.5,2.2,3.2,2.3,74.6,910.4,51.39,25970.0,0.0
8580,306.0,316.0,328.0,1.3,2.2,3.4,2.2,74.3,910.4,51.39,25970.0,0.0
8640,310.0,323.0,330.0,1.5,2.3,2.6,2.2,74.9,910.5,51.39,25970.0,0.0
8700,310.0,323.0,330.0,1.5,2.3,2.6,2.2,75.1,910.5,51.39,25970.0,0.0
8760,303.0,342.0,120.0,1.3,1.8,2.4,2.1,75.0,910.5,51.39,25970.0,0.0
8820,312.0,329.0,28.0,0.4,1.2,2.2,2.1,75.8,910.5,51.39,25970.0,0.0
8880,313.0,326.0,330.0,2.8,3.1,3.3,2.1,75.9,910.5,51.39,25970.0,0.0
8940,303.0,320.0,330.0,2.0,2.8,3.5,2.1,76.4,910.4,51.39,25970.0,0.0
9000,294.0,320.0,328.0,2.3,3.7,4.9,2.0,76.8,910.4,51.39,25970.0,0.0
9060,306.0,315.0,330.0,1.7,3.4,4.8,2.0,77.4,910.4,51.39,25970.0,0.0
9120,291.0,313.0,329.0,2.1,3.0,4.2,2.0,77.9,910.3,51.39,25970.0,0.0
9180,137.0,289.0,326.0,1.6,2.6,3.9,2.0,78.2,910.3,51.39,25970.0,0.0
9240,297.0,314.0,329.0,2.4,3.6,5.2,1.9,78.6,910.3,51.39,25970.0,0.0
9300,315.0,324.0,330.0,2.7,4.2,5.0,1.9,78.7,910.3,51.39,25970.0,0.0
9360,291.0,312.0,324.0,1.8,2.7,3.5,1.9,78.4,910.3,51.39,25970.0,0.0
9420,310.0,320.0,330.0,1.5,2.5,3.2,1.9,78.7,910.3,51.39,25970.0,0.0
9480,299.0,317.0,329.0,1.1,1.6,2.1,1.9,78.9,910.3,51.39,25970.0,0.0
9540,296.0,315.0,326.0,0.4,1.7,2.4,1.9,78.8,910.4,51.39,25970.0,0.0
9600,275.0,311.0,324.0,0.6,1.3,2.2,1.8,79.0,910.4,51.39,25970.0,0.0
9660,317.0,326.0,330.0,1.0,1.5,1.8,1.8,79.3,910.5,51.39,25970.0,0.0
9720,318.0,323.0,329.0,1.1,1.6,2.4,1.7,79.5,910.5,51.39,25970.0,0.0
9780,323.0,325.0,329.0,1.5,1.7,2.0,1.6,79.7,910.5,51.39,25970.0,0.0
9840,285.0,321.0,3.0,0.4,1.5,2.7,1.6,79.8,910.5,51.39,25970.0,0.0
9900,295.0,320.0,330.0,1.3,2.6,3.8,1.6,79.4,910.5,51.39,25970.0,0.0
9960,262.0,313.0,328.0,0.8,2.1,3.0,1.6,78.9,910.5,51.39,25970.0,0.0
10020,262.0,313.0,328.0,0.8,2.1,3.0,1.7,78.5,910.4,51.39,25970.0,0.0
10080,262.0,313.0,328.0,0.8,2.1,3.0,1.7,77.7,910.4,51.39,25970.0,0.0
10140,324.0,326.0,330.0,2.5,3.3,4.3,1.7,77.5,910.3,51.39,25970.0,0.0
10200,301.0,317.0,329.0,1.7,2.6,3.8,1.7,77.2,910.3,51.39,25970.0,0.0
10260,284.0,311.0,330.0,1.7,2.9,3.8,1.8,77.1,910.2,51.39,25970.0,0.0
10320,310.0,321.0,327.0,3.1,3.8,4.6,1.8,77.5,910.2,51.39,25970.0,0.0
10380,317.0,323.0,330.0,2.4,3.1,3.8,1.8,77.7,910.2,51.39,25970.0,0.0
10440,287.0,318.0,327.0,1.5,2.7,3.5,1.8,78.0,910.2,51.39,25970.0,0.0
10500,311.0,315.0,324.0,2.1,2.9,4.0,1.8,78.3,910.2,51.39,25970.0,0.0
10560,314.0,324.0,329.0,3.1,3.6,4.1,1.8,78.2,910.2,51.39,25970.0,0.0
10620,299.0,314.0,330.0,0.8,1.9,2.6,1.8,78.7,910.3,51.39,25970.0,0.0
10680,305.0,318.0,324.0,1.1,2.9,4.2,1.7,79.1,910.2,51.39,25970.0,0.0
10740,320.0,325.0,329.0,2.2,2.9,3.8,1.7,79.5,910.2,51.39,25970.0,0.0
10800,320.0,325.0,329.0,2.2,2.9,3.8,1.7,79.9,910.3,51.39,25970.0,0.0
10860,320.0,325.0,329.0,2.2,2.9,3.8,1.7,80.1,910.3,51.39,25970.0,0.0
10920,312.0,325.0,329.0,2.1,2.4,2.5,1.6,80.4,910.3,51.39,25970.0,0.0
10980,312.0,325.0,329.0,2.1,2.4,2.5,1.6,80.4,910.3,51.39,25970.0,0.0
11040,292.0,315.0,324.0,1.2,2.1,3.2,1.6,80.6,910.4,51.39,25970.0,0.0
11100,318.0,325.0,330.0,2.0,2.5,2.8,1.6,80.8,910.4,51.39,25970.0,0.0
11160,312.0,322.0,329.0,1.1,1.5,1.9,1.6,81.0,910.4,51.39,25970.0,0.0
11220,312.0,322.0,329.0,1.1,1.5,1.9,1.6,80.9,910.4,51.39,25970.0,0.0
11280,286.0,307.0,328.0,0.8,1.7,2.6,1.6,80.9,910.4,51.39,25970.0,0.0
11340,322.0,326.0,329.0,1.5,1.9,2.6,1.6,81.1,910.4,51.39,25970.0,0.0
11400,300.0,313.0,330.0,0.8,1.7,3.2,1.6,81.4,910.4,51.39,25970.0,0.0
11460,312.0,328.0,10.0,0.8,1.4,1.9,1.5,81.7,910.3,51.39,25970.0,0.0
11520,299.0,313.0,325.0,0.7,1.5,2.4,1.5,81.8,910.3,51.39,25970.0,0.0
11580,292.0,312.0,329.0,0.9,1.7,2.5,1.5,82.0,910.3,51.39,25970.0,0.0
11640,301.0,314.0,324.0,1.2,2.4,3.2,1.5,82.2,910.3,51.39,25970.0,0.0
11700,294.0,319.0,328.0,0.8,1.6,2.1,1.5,82.4,910.3,51.39,25970.0,0.0
11760,315.0,322.0,329.0,1.9,2.6,3.1,1.5,82.3,910.3,51.39,25970.0,0.0
11820,301.0,313.0,327.0,0.9,1.4,1.9,1.5,82.3,910.4,51.39,25970.0,0.0
11880,310.0,330.0,22.0,0.6,1.6,2.4,1.5,82.3,910.4,51.39,25970.0,0.0
11940,318.0,326.0,330.0,1.8,2.1,2.3,1.5,82.5,910.4,51.39,25970.0,0.0
12000,309.0,320.0,329.0,1.5,1.8,2.2,1.5,82.6,910.4,51.39,25970.0,0.0
12060,284.0,329.0,21.0,0.7,1.3,2.3,1.5,82.8,910.4,51.39,25970.0,0.0
12120,284.0,329.0,21.0,0.7,1.3,2.3,1.5,82.9,910.4,51.39,25970.0,0.0
12180,284.0,329.0,21.0,0.7,1.3,2.3,1.4,83.0,910.5,51.39,25970.0,0.0
12240,284.0,329.0,21.0,0.7,1.3,2.3,1.4,83.2,910.5,51.39,25970.0,0.0
12300,284.0,329.0,21.0,0.7,1.3,2.3,1.4,83.4,910.5,51.39,25970.0,0.0
12360,284.0,329.0,21.0,0.7,1.3,2.3,1.4,83.5,910.5,51.39,25970.0,0.0
12420,284.0,329.0,21.0,0.7,1.3,2.3,1.4,83.6,910.5,51.39,25970.0,0.0
12480,284.0,329.0,21.0,0.7,1.3,2.3,1.4,83.9,910.4,51.39,25970.0,0.0
12540,284.0,329.0,21.0,0.7,1.3,2.3,1.5,84.1,910.4,51.39,25970.0,0.0
12600,284.0,329.0,21.0,0.7,1.3,2.3,1.5,83.9,910.4,51.39,25970.0,0.0
12660,284.0,329.0,21.0,0.7,1.3,2.3,1.6,83.8,910.4,51.39,25970.0,0.0
12720,284.0,329.0,21.0,0.7,1.3,2.3,1.6,83.8,910.4,51.39,25970.0,0.0
12780,284.0,329.0,21.0,0.7,1.3,2.3,1.7,83.6,910.4,51.39,25970.0,0.0
12840,301.0,322.0,331.0,2.0,2.6,3.1,1.8,83.4,910.5,51.39,25970.0,0.0
12900,317.0,323.0,330.0,2.5,2.7,2.9,1.8,83.2,910.5,51.39,25970.0,0.0
12960,284.0,311.0,328.0,0.3,1.3,2.6,1.8,82.6,910.6,51.39,25970.0,0.0
13020,301.0,315.0,327.0,0.3,1.1,1.7,1.8,82.0,910.6,51.39,25970.0,0.0
13080,301.0,315.0,327.0,0.3,1.1,1.7,1.8,81.5,910.7,51.39,25970.0,0.0
13140,301.0,315.0,327.0,0.3,1.1,1.7,1.7,81.4,910.7,51.39,25970.0,0.0
13200,301.0,315.0,327.0,0.3,1.1,1.7,1.6,81.4,910.7,51.39,25970.0,0.0
13260,343.0,356.0,17.0,1.4,2.0,2.3,1.6,81.3,910.7,51.39,25970.0,0.0
13320,344.0,0.0,16.0,1.1,1.4,1.8,1.6,81.0,910.7,51.39,25970.0,0.0
13380,344.0,0.0,16.0,1.1,1.4,1.8,1.6,80.7,910.7,51.39,25970.0,0.0
13440,281.0,300.0,314.0,0.5,0.7,1.0,1.5,80.7,910.7,51.39,25970.0,0.0
13500,281.0,300.0,314.0,0.5,0.7,1.0,1.5,80.5,910.6,51.39,25970.0,0.0
13560,281.0,300.0,314.0,0.5,0.7,1.0,1.5,80.2,910.6,51.39,25970.0,0.0
13620,281.0,300.0,314.0,0.5,0.7,1.0,1.5,79.6,910.6,51.39,25970.0,0.0
13680,281.0,300.0,314.0,0.5,0.7,1.0,1.5,79.4,910.6,51.39,25970.0,0.0
13740,281.0,300.0,314.0,0.5,0.7,1.0,1.5,79.2,910.6,51.39,25970.0,0.0
13800,281.0,300.0,314.0,0.5,0.7,1.0,1.5,79.3,910.6,51.39,25970.0,0.0
13860,281.0,300.0,314.0,0.5,0.7,1.0,1.4,79.5,910.6,51.39,25970.0,0.0
13920,281.0,300.0,314.0,0.5,0.7,1.0,1.4,78.8,910.6,51.39,25970.0,0.0
13980,281.0,300.0,314.0,0.5,0.7,1.0,1.4,78.2,910.6,51.39,25970.0,0.0
14040,281.0,300.0,314.0,0.5,0.7,1.0,1.5,77.7,910.6,51.39,25970.0,0.0
14100,281.0,300.0,314.0,0.5,0.7,1.0,1.6,77.2,910.6,51.39,25970.0,0.0
14160,281.0,300.0,314.0,0.5,0.7,1.0,1.7,75.5,910.6,51.39,25970.0,0.0
14220,281.0,300.0,314.0,0.5,0.7,1.0,1.7,73.5,910.6,51.39,25970.0,0.0
14280,281.0,300.0,314.0,0.5,0.7,1.0,1.7,70.4,910.6,51.39,25970.0,0.0
14340,281.0,300.0,314.0,0.5,0.7,1.0,1.7,69.7,910.6,51.39,25970.0,0.0
14400,281.0,300.0,314.0,0.5,0.7,1.0,1.8,69.8,910.6,51.39,25970.0,0.0
14460,281.0,300.0,314.0,0.5,0.7,1.0,1.8,68.3,910.6,51.39,25970.0,0.0
14520,281.0,300.0,314.0,0.5,0.7,1.0,1.8,66.6,910.6,51.39,25970.0,0.0
14580,281.0,300.0,314.0,0.5,0.7,1.0,1.9,65.0,910.5,51.39,25970.0,0.0
14640,281.0,300.0,314.0,0.5,0.7,1.0,2.0,61.9,910.6,51.39,25970.0,0.0
14700,281.0,300.0,314.0,0.5,0.7,1.0,2.1,59.3,910.5,51.39,25970.0,0.0
14760,281.0,300.0,314.0,0.5,0.7,1.0,2.2,61.2,910.5,51.39,25970.0,0.0
14820,281.0,300.0,314.0,0.5,0.7,1.0,2.1,58.7,910.5,51.39,25970.0,0.0
14880,281.0,300.0,314.0,0.5,0.7,1.0,2.1,58.1,910.5,51.39,25970.0,0.0
14940,281.0,300.0,314.0,0.5,0.7,1.0,2.1,57.2,910.5,51.39,25970.0,0.0
15000,281.0,300.0,314.0,0.5,0.7,1.0,2.2,56.8,910.5,51.39,25970.0,0.0
15060,281.0,300.0,314.0,0.5,0.7,1.0,2.2,55.9,910.5,51.39,25970.0,0.0
15120,281.0,300.0,314.0,0.5,0.7,1.0,2.3,55.9,910.5,51.39,25970.0,0.0
15180,281.0,300.0,314.0,0.5,0.7,1.0,2.3,56.1,910.5,51.39,25970.0,0.0
15240,281.0,300.0,314.0,0.5,0.7,1.0,2.3,55.5,910.5,51.39,25970.0,0.0
15300,281.0,300.0,314.0,0.5,0.7,1.0,2.4,54.5,910.5,51.39,25970.0,0.0
15360,281.0,300.0,314.0,0.5,0.7,1.0,2.4,53.5,910.5,51.39,25970.0,0.0
15420,281.0,300.0,314.0,0.5,0.7,1.0,2.5,52.5,910.5,51.39,25970.0,0.0
15480,281.0,300.0,314.0,0.5,0.7,1.0,2.5,53.1,910.5,51.39,25970.0,0.0
15540,281.0,300.0,314.0,0.5,0.7,1.0,2.5,53.0,910.5,51.39,25970.0,0.0
15600,281.0,300.0,314.0,0.5,0.7,1.0,2.5,52.6,910.5,51.39,25970.0,0.0
15660,281.0,300.0,314.0,0.5,0.7,1.0,2.5,51.2,910.5,51.39,25970.0,0.0
15720,281.0,300.0,314.0,0.5,0.7,1.0,2.6,51.6,910.5,51.39,25970.0,0.0
15780,281.0,300.0,314.0,0.5,0.7,1.0,2.5,50.8,910.6,51.39,25970.0,0.0
15840,315.0,323.0,328.0,1.4,2.0,2.5,2.5,51.5,910.6,51.39,25970.0,0.0
15900,313.0,325.0,0.0,0.7,1.7,2.1,2.5,51.7,910.6,51.39,25970.0,0.0
15960,306.0,320.0,329.0,1.0,1.4,1.7,2.5,52.4,910.7,51.39,25970.0,0.0
16020,306.0,320.0,329.0,1.0,1.4,1.7,2.4,51.2,910.7,51.39,25970.0,0.0
16080,301.0,316.0,327.0,1.7,2.3,2.7,2.4,51.5,910.7,51.39,25970.0,0.0
16140,305.0,320.0,328.0,0.7,1.1,1.6,2.4,52.0,910.7,51.39,25970.0,0.0
16200,305.0,317.0,328.0,0.7,0.8,1.0,2.4,52.1,910.7,51.39,25970.0,0.0
16260,324.0,326.0,328.0,1.9,2.2,2.6,2.3,52.7,910.8,51.39,25970.0,0.0
16320,302.0,318.0,328.0,0.9,1.3,1.7,2.3,53.7,910.8,51.39,25970.0,0.0
16380,320.0,325.0,328.0,1.7,1.9,2.1,2.3,53.1,910.8,51.39,25970.0,0.0
16440,311.0,318.0,330.0,1.6,2.1,2.6,2.3,52.9,910.8,51.39,25970.0,0.0
16500,291.0,313.0,327.0,1.0,1.3,1.7,2.3,53.2,910.8,51.39,25970.0,0.0
16560,292.0,308.0,329.0,0.6,1.2,1.8,2.4,54.0,910.9,51.39,25970.0,0.0
16620,287.0,320.0,28.0,0.3,1.2,2.1,2.3,53.4,910.9,51.39,25970.0,0.0
16680,291.0,338.0,103.0,0.2,0.5,0.7,2.3,54.2,910.9,51.39,25970.0,0.0
16740,307.0,318.0,329.0,0.4,0.9,1.4,2.3,54.7,910.9,51.39,25970.0,0.0
16800,310.0,322.0,329.0,0.8,1.2,1.9,2.2,54.2,910.9,51.39,25970.0,0.0
16860,283.0,310.0,326.0,0.8,1.2,1.9,2.2,53.9,910.9,51.39,25970.0,0.0
16920,313.0,321.0,326.0,0.8,1.2,1.7,2.1,54.3,910.9,51.39,25970.0,0.0
16980,313.0,321.0,326.0,0.8,1.2,1.7,2.1,54.2,910.9,51.39,25970.0,0.0
17040,313.0,321.0,326.0,0.8,1.2,1.7,2.0,54.9,910.9,51.39,25970.0,0.0
17100,305.0,313.0,322.0,0.9,1.1,1.2,2.0,54.5,910.9,51.39,25970.0,0.0
17160,305.0,313.0,322.0,0.9,1.1,1.2,1.9,55.5,910.9,51.39,25970.0,0.0
17220,305.0,313.0,322.0,0.9,1.1,1.2,1.9,56.2,910.9,51.39,25970.0,0.0
17280,305.0,313.0,322.0,0.9,1.1,1.2,1.8,56.9,910.9,51.39,25970.0,0.0
17340,305.0,313.0,322.0,0.9,1.1,1.2,1.7,57.1,910.9,51.39,25970.0,0.0
17400,305.0,313.0,322.0,0.9,1.1,1.2,1.7,58.0,911.0,51.39,25970.0,0.0
17460,295.0,313.0,328.0,0.3,0.6,1.1,1.7,57.3,911.0,51.39,25970.0,0.0
17520,310.0,316.0,326.0,0.6,1.2,1.6,1.7,57.7,911.0,51.39,25970.0,0.0
17580,317.0,321.0,325.0,0.8,0.9,1.0,1.7,57.6,911.1,51.39,25970.0,0.0
17640,318.0,322.0,325.0,0.8,1.0,1.0,1.7,58.4,911.1,51.39,25970.0,0.0
17700,318.0,322.0,325.0,0.8,1.0,1.0,1.6,58.4,911.1,51.39,25970.0,0.0
17760,307.0,315.0,326.0,0.7,1.2,1.7,1.6,58.7,911.1,51.39,25970.0,0.0
17820,279.0,288.0,295.0,1.5,1.8,2.1,1.6,58.1,911.1,51.39,25970.0,0.0
17880,271.0,273.0,277.0,1.4,1.6,1.8,1.7,56.4,911.1,51.39,25970.0,0.0
17940,274.0,289.0,306.0,0.4,0.8,1.2,1.8,57.1,911.1,51.39,25970.0,0.0
18000,132.0,211.0,300.0,0.1,0.3,0.6,1.8,57.9,911.0,51.39,25970.0,0.0
18060,132.0,211.0,300.0,0.1,0.3,0.6,1.8,58.3,911.0,51.39,25970.0,0.0
18120,110.0,120.0,136.0,0.1,0.2,0.3,1.8,60.8,911.0,51.39,25970.0,0.0
18180,95.0,108.0,126.0,0.5,0.6,0.8,1.8,61.4,911.0,51.39,25970.0,0.0
18240,90.0,94.0,100.0,0.8,0.9,1.0,1.7,61.8,911.1,51.39,25970.0,0.0
18300,90.0,91.0,92.0,0.9,1.0,1.1,1.7,62.2,911.1,51.39,25970.0,0.0
18360,90.0,91.0,92.0,0.9,1.0,1.1,1.6,63.4,911.1,51.39,25970.0,0.0
18420,90.0,91.0,92.0,0.9,1.0,1.1,1.6,64.1,911.2,51.39,25970.0,0.0
18480,90.0,91.0,92.0,0.9,1.0,1.1,1.6,63.8,911.2,51.39,25970.0,0.0
18540,90.0,91.0,92.0,0.9,1.0,1.1,1.6,63.4,911.2,51.39,25970.0,0.0
18600,301.0,318.0,331.0,0.5,0.7,0.9,1.6,63.7,911.2,51.39,25970.0,0.0
18660,304.0,317.0,330.0,0.6,1.1,1.4,1.6,64.1,911.1,51.39,25970.0,0.0
18720,298.0,315.0,329.0,0.8,1.0,1.1,1.5,64.5,911.1,51.39,25970.0,0.0
18780,280.0,319.0,2.0,0.7,0.9,1.2,1.4,64.3,911.1,51.39,25970.0,0.0
18840,273.0,285.0,297.0,0.8,1.6,2.3,1.4,63.5,911.1,51.39,25970.0,0.0
18900,274.0,290.0,315.0,1.1,1.4,1.8,1.5,63.3,911.1,51.39,25970.0,0.0
18960,291.0,300.0,319.0,0.9,1.1,1.3,1.5,63.5,911.1,51.39,25970.0,0.0
19020,279.0,294.0,311.0,1.0,1.3,1.6,1.6,63.2,911.1,51.39,25970.0,0.0
19080,287.0,305.0,323.0,0.6,0.9,1.4,1.6,63.6,911.1,51.39,25970.0,0.0
19140,287.0,305.0,325.0,0.2,0.6,0.9,1.6,64.2,911.1,51.39,25970.0,0.0
19200,287.0,305.0,325.0,0.2,0.6,0.9,1.5,64.3,911.1,51.39,25970.0,0.0
19260,287.0,305.0,325.0,0.2,0.6,0.9,1.5,64.4,911.1,51.39,25970.0,0.0
19320,287.0,305.0,325.0,0.2,0.6,0.9,1.5,64.1,911.2,51.39,25970.0,0.0
19380,287.0,305.0,325.0,0.2,0.6,0.9,1.5,64.4,911.2,51.39,25970.0,0.0
19440,287.0,305.0,325.0,0.2,0.6,0.9,1.5,63.8,911.2,51.39,25970.0,0.0
19500,287.0,305.0,325.0,0.2,0.6,0.9,1.5,64.2,911.2,51.39,25970.0,0.0
19560,287.0,305.0,325.0,0.2,0.6,0.9,1.5,63.4,911.1,51.39,25970.0,0.0
19620,315.0,323.0,328.0,1.0,1.5,1.8,1.6,63.1,911.1,51.39,25970.0,0.0
19680,320.0,324.0,330.0,0.7,1.1,1.6,1.7,63.6,911.2,51.39,25970.0,0.0
19740,311.0,315.0,322.0,0.8,1.0,1.2,1.6,64.5,911.2,51.39,25970.0,0.0
19800,322.0,326.0,329.0,0.9,1.2,1.5,1.5,64.5,911.2,51.39,25970.0,0.0
19860,316.0,324.0,330.0,1.0,1.3,1.6,1.5,64.9,911.2,51.39,25970.0,0.0
19920,316.0,324.0,330.0,1.0,1.3,1.6,1.4,65.4,911.2,51.39,25970.0,0.0
19980,316.0,324.0,330.0,1.0,1.3,1.6,1.3,65.2,911.3,51.39,25970.0,0.0
20040,316.0,324.0,330.0,1.0,1.3,1.6,1.4,64.9,911.3,51.39,25970.0,0.0
20100,316.0,324.0,330.0,1.0,1.3,1.6,1.4,64.7,911.3,51.39,25970.0,0.0
20160,316.0,324.0,330.0,1.0,1.3,1.6,1.5,64.5,911.3,51.39,25970.0,0.0
20220,316.0,324.0,330.0,1.0,1.3,1.6,1.5,63.9,911.3,51.39,25970.0,0.0
20280,316.0,324.0,330.0,1.0,1.3,1.6,1.6,64.0,911.3,51.39,25970.0,0.0
20340,316.0,324.0,330.0,1.0,1.3,1.6,1.6,63.3,911.3,51.39,25970.0,0.0
20400,316.0,324.0,330.0,1.0,1.3,1.6,1.7,61.8,911.3,51.39,25970.0,0.0
20460,316.0,324.0,330.0,1.0,1.3,1.6,1.7,62.4,911.4,51.39,25970.0,0.0
20520,316.0,324.0,330.0,1.0,1.3,1.6,1.7,61.4,911.4,51.39,25970.0,0.0
20580,316.0,324.0,330.0,1.0,1.3,1.6,1.8,61.6,911.4,51.39,25970.0,0.0
20640,316.0,324.0,330.0,1.0,1.3,1.6,1.8,60.7,911.4,51.39,25970.0,0.0
20700,316.0,324.0,330.0,1.0,1.3,1.6,1.8,60.1,911.4,51.39,25970.0,0.0
20760,316.0,324.0,330.0,1.0,1.3,1.6,1.8,60.7,911.4,51.39,25970.0,0.0
20820,316.0,324.0,330.0,1.0,1.3,1.6,1.8,59.8,911.5,51.39,25970.0,0.0
20880,316.0,324.0,330.0,1.0,1.3,1.6,1.9,59.6,911.5,51.39,25970.0,0.0
20940,316.0,324.0,330.0,1.0,1.3,1.6,1.9,59.2,911.5,51.39,25970.0,0.0
21000,316.0,324.0,330.0,1.0,1.3,1.6,1.9,59.4,911.5,51.39,25970.0,0.0
21060,316.0,324.0,330.0,1.0,1.3,1.6,1.9,59.3,911.6,51.39,25970.0,0.0
21120,316.0,324.0,330.0,1.0,1.3,1.6,1.9,58.7,911.5,51.39,25970.0,0.0
21180,316.0,324.0,330.0,1.0,1.3,1.6,1.9,58.6,911.5,51.39,25970.0,0.0
21240,316.0,324.0,330.0,1.0,1.3,1.6,1.8,58.3,911.5,51.39,25970.0,0.0
21300,316.0,324.0,330.0,1.0,1.3,1.6,1.8,57.9,911.5,51.39,25970.0,0.0
21360,294.0,310.0,316.0,0.3,0.6,0.9,1.8,58.6,911.6,51.39,25970.0,0.0
21420,299.0,314.0,329.0,0.5,0.8,1.0,1.8,60.0,911.6,51.39,25970.0,0.0
21480,299.0,314.0,329.0,0.5,0.8,1.0,1.7,60.1,911.6,51.39,25970.0,0.0
21540,299.0,314.0,329.0,0.5,0.8,1.0,1.7,60.0,911.7,51.39,25970.0,0.0
21600,299.0,314.0,329.0,0.5,0.8,1.0,1.6,60.9,911.7,51.39,25970.0,0.0
21660,299.0,314.0,329.0,0.5,0.8,1.0,1.6,61.5,911.7,51.39,25970.0,0.0
21720,279.0,308.0,327.0,0.3,0.6,0.8,1.5,61.5,911.7,51.39,25970.0,0.0
21780,311.0,317.0,324.0,0.6,0.8,1.2,1.5,61.5,911.7,51.39,25970.0,0.0
21840,300.0,324.0,349.0,0.7,1.1,1.3,1.5,61.3,911.7,51.39,25970.0,0.0
21900,298.0,13.0,124.0,0.1,0.7,1.5,1.5,62.0,911.7,51.39,25970.0,0.0
21960,294.0,315.0,25.0,0.5,0.8,1.2,1.5,61.6,911.7,51.39,25970.0,0.0
22020,297.0,316.0,5.0,0.2,0.6,1.0,1.5,61.0,911.8,51.39,25970.0,0.0
22080,279.0,307.0,327.0,0.5,0.7,1.0,1.5,62.6,911.8,51.39,25970.0,0.0
22140,279.0,307.0,327.0,0.5,0.7,1.0,1.5,62.0,911.8,51.39,25970.0,0.0
22200,279.0,307.0,327.0,0.5,0.7,1.0,1.5,61.5,911.8,51.39,25970.0,0.0
22260,279.0,307.0,327.0,0.5,0.7,1.0,1.6,61.1,911.8,51.39,25970.0,0.0
22320,279.0,307.0,327.0,0.5,0.7,1.0,1.6,61.3,911.8,51.39,25970.0,0.0
22380,279.0,307.0,327.0,0.5,0.7,1.0,1.7,60.7,911.8,51.39,25970.0,0.0
22440,311.0,318.0,329.0,0.8,1.2,1.4,1.7,60.9,911.8,51.39,25970.0,0.0
22500,311.0,318.0,329.0,0.8,1.2,1.4,1.7,61.0,911.8,51.39,25970.0,0.0
22560,311.0,318.0,329.0,0.8,1.2,1.4,1.7,61.4,911.8,51.39,25970.0,0.0
22620,311.0,318.0,329.0,0.8,1.2,1.4,1.7,61.2,911.8,51.39,25970.0,0.0
22680,311.0,318.0,329.0,0.8,1.2,1.4,1.7,61.2,911.9,51.39,25970.0,0.0
22740,311.0,318.0,329.0,0.8,1.2,1.4,1.7,61.0,911.9,51.39,25970.0,0.0
22800,311.0,318.0,329.0,0.8,1.2,1.4,1.7,60.8,911.9,51.39,25970.0,0.0
22860,311.0,318.0,329.0,0.8,1.2,1.4,1.7,60.6,911.9,51.39,25970.0,0.0
22920,311.0,318.0,329.0,0.8,1.2,1.4,1.7,60.5,911.9,51.39,25970.0,0.0
22980,311.0,318.0,329.0,0.8,1.2,1.4,1.8,60.2,912.0,51.39,25970.0,0.0
23040,311.0,318.0,329.0,0.8,1.2,1.4,1.8,60.5,912.0,51.39,25970.0,0.0
23100,311.0,318.0,329.0,0.8,1.2,1.4,1.8,60.8,912.0,51.39,25970.0,0.0
23160,311.0,318.0,329.0,0.8,1.2,1.4,1.7,60.6,912.0,51.39,25970.0,0.0
23220,311.0,318.0,329.0,0.8,1.2,1.4,1.7,60.4,912.0,51.39,25970.0,0.0
23280,311.0,318.0,329.0,0.8,1.2,1.4,1.8,60.6,912.0,51.39,25970.0,0.0
23340,311.0,318.0,329.0,0.8,1.2,1.4,1.8,60.1,912.0,51.39,25970.0,0.0
23400,311.0,318.0,329.0,0.8,1.2,1.4,1.8,59.8,912.0,51.39,25970.0,0.0
23460,311.0,318.0,329.0,0.8,1.2,1.4,1.9,59.5,912.0,51.39,25970.0,0.0
23520,311.0,318.0,329.0,0.8,1.2,1.4,1.9,59.1,912.0,51.39,25970.0,0.0
23580,311.0,318.0,329.0,0.8,1.2,1.4,1.9,58.7,912.0,51.39,25970.0,0.0
23640,311.0,318.0,329.0,0.8,1.2,1.4,2.0,58.4,912.1,51.39,25970.0,0.0
23700,311.0,318.0,329.0,0.8,1.2,1.4,2.0,58.5,912.1,51.39,25970.0,0.0
23760,311.0,318.0,329.0,0.8,1.2,1.4,2.0,58.4,912.1,51.39,25970.0,0.0
23820,311.0,318.0,329.0,0.8,1.2,1.4,2.0,57.8,912.1,51.39,25970.0,0.0
23880,311.0,318.0,329.0,0.8,1.2,1.4,2.1,57.6,912.1,51.39,25970.0,0.0
23940,311.0,318.0,329.0,0.8,1.2,1.4,2.1,57.7,912.1,51.39,25970.0,0.0
24000,311.0,318.0,329.0,0.8,1.2,1.4,2.1,57.5,912.1,51.39,25970.0,0.0
24060,311.0,318.0,329.0,0.8,1.2,1.4,2.1,57.8,912.1,51.39,25970.0,0.0
24120,315.0,321.0,329.0,0.2,0.3,0.4,2.1,58.0,912.1,51.39,25970.0,0.0
24180,311.0,17.0,132.0,0.0,0.1,0.2,2.1,58.3,912.1,51.39,25970.0,0.0
24240,280.0,306.0,323.0,0.1,0.2,0.4,2.1,58.6,912.1,51.39,25970.0,0.0
24300,298.0,317.0,328.0,0.1,0.2,0.3,2.0,58.8,912.1,51.39,25970.0,0.0
24360,298.0,317.0,328.0,0.1,0.2,0.3,1.9,58.6,912.1,51.39,25970.0,0.0
24420,298.0,317.0,328.0,0.1,0.2,0.3,1.9,58.5,912.2,51.39,25970.0,0.0
24480,97.0,100.0,104.0,0.2,0.3,0.3,1.9,58.6,912.2,51.39,25970.0,0.0
24540,91.0,114.0,138.0,0.3,0.5,0.7,1.9,58.8,912.2,51.39,25970.0,0.0
24600,114.0,123.0,133.0,0.5,0.7,0.8,1.9,58.9,912.2,51.39,25970.0,0.0
24660,96.0,109.0,127.0,0.2,0.3,0.5,1.9,59.2,912.3,51.39,25970.0,0.0
24720,93.0,113.0,129.0,0.4,0.6,0.8,1.9,60.0,912.3,51.39,25970.0,0.0
24780,92.0,99.0,106.0,0.5,0.7,0.9,1.8,60.3,912.3,51.39,25970.0,0.0
24840,90.0,94.0,110.0,0.7,0.8,0.9,1.8,60.5,912.3,51.39,25970.0,0.0
24900,90.0,95.0,101.0,0.8,0.9,1.1,1.8,60.4,912.3,51.39,25970.0,0.0
24960,90.0,95.0,101.0,0.7,0.8,1.0,1.8,62.1,912.3,51.39,25970.0,0.0
25020,94.0,99.0,105.0,0.7,0.9,1.0,1.7,61.4,912.3,51.39,25970.0,0.0
25080,91.0,95.0,99.0,0.6,0.9,1.0,1.6,61.2,912.3,51.39,25970.0,0.0
25140,90.0,94.0,99.0,0.5,0.8,0.9,1.6,61.3,912.3,51.39,25970.0,0.0
25200,90.0,92.0,95.0,0.9,1.0,1.2,1.6,61.0,912.3,51.39,25970.0,0.0
25260,90.0,99.0,109.0,0.6,0.8,0.9,1.6,62.1,912.3,51.39,25970.0,0.0
25320,90.0,93.0,101.0,0.9,0.9,1.0,1.6,62.1,912.3,51.39,25970.0,0.0
25380,91.0,98.0,113.0,0.6,0.8,1.0,1.5,61.6,912.3,51.39,25970.0,0.0
25440,102.0,112.0,122.0,0.6,0.8,0.9,1.5,62.5,912.3,51.39,25970.0,0.0
25500,96.0,101.0,110.0,0.5,0.7,0.9,1.6,62.6,912.3,51.39,25970.0,0.0
25560,97.0,109.0,126.0,0.6,0.7,0.8,1.6,63.1,912.4,51.39,25970.0,0.0
25620,102.0,131.0,146.0,0.6,0.7,0.9,1.6,61.2,912.4,51.39,25970.0,0.0
25680,90.0,122.0,135.0,0.1,0.7,1.2,1.7,61.2,912.4,51.39,25970.0,0.0
25740,117.0,133.0,143.0,0.9,1.3,1.6,1.8,61.3,912.4,51.39,25970.0,0.0
25800,124.0,131.0,137.0,0.7,1.0,1.2,1.9,61.2,912.4,51.39,25970.0,0.0
25860,93.0,104.0,112.0,0.8,1.0,1.2,2.0,60.6,912.4,51.39,25970.0,0.0
25920,93.0,99.0,104.0,0.7,1.0,1.2,2.1,59.1,912.4,51.39,25970.0,0.0
25980,90.0,104.0,115.0,0.9,1.1,1.3,2.2,59.7,912.4,51.39,25970.0,0.0
26040,94.0,99.0,105.0,0.8,0.9,1.1,2.3,60.5,912.4,51.39,25970.0,0.0
26100,93.0,99.0,107.0,0.5,0.7,0.9,2.3,61.7,912.4,51.39,25970.0,0.0
26160,94.0,97.0,100.0,0.7,0.9,1.0,2.3,61.7,912.4,51.39,25970.0,0.0
26220,98.0,102.0,105.0,1.1,1.3,1.4,2.2,61.1,912.5,51.39,25970.0,0.0
26280,93.0,103.0,109.0,0.9,1.1,1.3,2.2,60.3,912.4,51.39,25970.0,0.0
26340,110.0,113.0,116.0,0.6,1.1,1.4,2.3,59.6,912.4,51.39,25970.0,0.0
26400,117.0,118.0,120.0,1.1,1.3,1.4,2.3,59.2,912.4,51.39,25970.0,0.0
26460,112.0,118.0,122.0,1.2,1.5,1.7,2.4,58.2,912.4,51.39,25970.0,0.0
26520,121.0,131.0,141.0,1.2,1.4,1.6,2.6,59.0,912.4,51.39,25970.0,0.0
26580,119.0,140.0,147.0,1.3,1.7,2.2,2.7,58.5,912.4,51.39,25970.0,0.0
26640,136.0,138.0,141.0,1.3,1.6,1.9,2.7,57.8,912.5,51.39,25970.0,0.0
26700,125.0,133.0,138.0,1.2,1.5,1.6,2.8,59.7,912.5,51.39,25970.0,0.0
26760,126.0,129.0,130.0,1.0,1.3,1.6,2.8,58.0,912.5,51.39,25970.0,0.0
26820,120.0,127.0,136.0,1.3,1.4,1.5,2.9,59.0,912.5,51.39,25970.0,0.0
26880,118.0,129.0,148.0,0.6,1.1,1.4,2.9,57.8,912.5,51.39,25970.0,0.0
26940,114.0,122.0,129.0,0.8,1.3,1.5,3.0,59.6,912.5,51.39,25970.0,0.0
27000,115.0,120.0,124.0,1.5,1.7,1.9,3.0,60.1,912.6,51.39,25970.0,0.0
27060,113.0,122.0,135.0,1.5,1.8,2.0,3.1,61.2,912.6,51.39,25970.0,0.0
27120,125.0,131.0,142.0,0.6,1.4,1.9,3.1,58.9,912.6,51.39,25970.0,0.0
27180,124.0,127.0,130.0,2.0,2.1,2.3,3.1,60.1,912.7,51.39,25970.0,0.0
27240,124.0,149.0,256.0,0.4,1.1,2.0,3.1,62.0,912.7,51.39,25970.0,0.0
27300,86.0,135.0,146.0,1.0,1.8,2.4,3.1,61.0,912.7,51.39,25970.0,0.0
27360,117.0,131.0,143.0,0.5,1.0,1.5,3.2,62.6,912.8,51.39,25970.0,0.0
27420,120.0,127.0,138.0,1.4,1.7,2.1,3.2,61.2,912.8,51.39,25970.0,0.0
27480,119.0,122.0,126.0,1.9,2.0,2.2,3.2,59.9,912.8,51.39,25970.0,0.0
27540,112.0,128.0,142.0,1.1,1.5,2.0,3.2,61.3,912.8,51.39,25970.0,0.0
27600,121.0,125.0,130.0,1.4,1.7,2.0,3.2,62.1,912.8,51.39,25970.0,0.0
27660,115.0,117.0,119.0,2.0,2.2,2.5,3.2,59.9,912.8,51.39,25970.0,0.0
27720,108.0,114.0,118.0,1.5,1.8,2.0,3.1,59.9,912.8,51.39,25970.0,0.0
27780,119.0,125.0,133.0,1.6,1.9,2.1,3.2,60.4,912.8,51.39,25970.0,0.0
27840,120.0,129.0,138.0,1.3,1.7,2.1,3.2,61.0,912.8,51.39,25970.0,0.0
27900,115.0,117.0,120.0,1.9,2.1,2.3,3.2,59.4,912.9,51.39,25970.0,0.0
27960,117.0,131.0,138.0,1.5,1.8,2.1,3.2,60.6,912.9,51.39,25970.0,0.0
28020,114.0,130.0,149.0,0.6,1.0,1.3,3.2,60.4,913.0,51.39,25970.0,0.0
28080,132.0,147.0,201.0,0.6,1.3,1.8,3.3,61.3,913.0,51.39,25970.0,0.0
28140,34.0,126.0,162.0,0.4,1.1,1.7,3.4,59.1,913.0,51.39,25970.0,0.0
28200,133.0,140.0,147.0,1.0,1.1,1.5,3.4,59.0,913.0,51.39,25970.0,0.0
28260,108.0,136.0,149.0,0.7,1.1,1.4,3.4,59.8,913.1,51.39,25970.0,0.0
28320,100.0,113.0,130.0,0.8,1.0,1.2,3.4,59.1,913.1,51.39,25970.0,0.0
28380,107.0,116.0,120.0,1.3,1.5,1.7,3.4,59.1,913.1,51.39,25970.0,0.0
28440,118.0,131.0,139.0,0.9,1.8,2.3,3.4,60.1,913.1,51.39,25970.0,0.0
28500,101.0,122.0,132.0,1.1,1.6,1.9,3.5,60.3,913.1,51.39,25970.0,0.0
28560,130.0,140.0,149.0,1.7,2.1,2.6,3.5,59.8,913.1,51.39,25970.0,0.0
28620,111.0,121.0,138.0,1.0,1.7,2.4,3.6,61.1,913.1,51.39,25970.0,0.0
28680,121.0,135.0,149.0,1.2,1.6,2.2,3.6,60.1,913.1,51.39,25970.0,0.0
28740,112.0,122.0,133.0,1.6,1.9,2.1,3.6,60.8,913.2,51.39,25970.0,0.0
28800,92.0,102.0,114.0,1.1,1.6,1.9,3.6,59.8,913.2,51.39,25970.0,0.0
28860,129.0,140.0,148.0,0.6,0.9,1.3,3.6,59.6,913.2,51.39,25970.0,0.0
28920,106.0,115.0,124.0,0.6,1.3,1.7,3.6,59.1,913.2,51.39,25970.0,0.0
28980,119.0,134.0,145.0,1.3,1.5,2.0,3.6,60.7,913.2,51.39,25970.0,0.0
29040,92.0,108.0,124.0,0.7,1.3,1.8,3.7,61.1,913.2,51.39,25970.0,0.0
29100,136.0,144.0,151.0,1.6,2.1,2.6,3.7,59.0,913.2,51.39,25970.0,0.0
29160,111.0,125.0,135.0,0.8,1.0,1.6,3.6,58.1,913.3,51.39,25970.0,0.0
29220,126.0,140.0,148.0,1.0,1.5,1.8,3.5,58.8,913.3,51.39,25970.0,0.0
29280,117.0,126.0,142.0,1.2,1.6,2.0,3.5,59.6,913.3,51.39,25970.0,0.0
29340,98.0,117.0,139.0,1.2,1.6,1.9,3.6,60.3,913.3,51.39,25970.0,0.0
29400,31.0,115.0,141.0,0.5,0.7,1.0,3.7,60.5,913.4,51.39,25970.0,0.0
29460,135.0,142.0,149.0,1.4,2.0,2.3,3.7,60.9,913.4,51.39,25970.0,0.0
29520,118.0,140.0,150.0,0.8,1.3,1.7,3.7,60.4,913.4,51.39,25970.0,0.0
29580,119.0,168.0,224.0,0.5,0.9,1.6,3.7,60.9,913.4,51.39,25970.0,0.0
29640,321.0,115.0,147.0,0.5,1.1,1.7,3.7,59.4,913.5,51.39,25970.0,0.0
29700,132.0,138.0,144.0,0.8,1.1,1.3,3.7,60.3,913.5,51.39,25970.0,0.0
29760,157.0,167.0,172.0,1.1,1.3,1.6,3.7,60.3,913.5,51.39,25970.0,0.0
29820,100.0,136.0,194.0,0.6,0.9,1.5,3.8,62.9,913.5,51.39,25970.0,0.0
29880,126.0,133.0,147.0,1.6,2.3,2.8,3.9,61.0,913.5,51.39,25970.0,0.0
29940,119.0,124.0,129.0,1.3,1.8,2.0,3.9,60.3,913.5,51.39,25970.0,0.0
30000,99.0,117.0,132.0,0.7,1.3,1.9,3.9,60.0,913.5,51.39,25970.0,0.0
30060,78.0,96.0,124.0,0.9,1.2,1.4,3.8,58.9,913.5,51.39,25970.0,0.0
30120,117.0,164.0,208.0,1.2,1.8,2.5,3.8,61.8,913.5,51.39,25970.0,0.0
30180,136.0,162.0,191.0,0.9,1.2,1.6,4.0,62.1,913.5,51.39,25970.0,0.0
30240,140.0,145.0,149.0,1.0,1.4,1.8,4.0,60.9,913.5,51.39,25970.0,0.0
30300,99.0,123.0,146.0,0.5,0.9,1.4,4.0,62.2,913.5,51.39,25970.0,0.0
30360,125.0,134.0,141.0,1.6,1.8,2.0,3.9,59.0,913.5,51.39,25970.0,0.0
30420,110.0,125.0,145.0,0.9,1.5,2.2,4.0,63.1,913.6,51.39,25970.0,0.0
30480,164.0,173.0,192.0,0.8,1.1,1.5,4.1,59.6,913.6,51.39,25970.0,0.0
30540,135.0,160.0,200.0,0.8,1.2,1.5,4.0,59.3,913.6,51.39,25970.0,0.0
30600,126.0,138.0,156.0,1.3,1.6,1.9,4.0,61.2,913.6,51.39,25970.0,0.0
30660,131.0,157.0,191.0,1.1,1.4,1.8,4.0,59.9,913.6,51.39,25970.0,0.0
30720,104.0,175.0,261.0,0.4,1.0,1.7,4.0,60.8,913.6,51.39,25970.0,0.0
30780,134.0,140.0,149.0,1.3,1.6,2.2,4.0,61.6,913.6,51.39,25970.0,0.0
30840,108.0,134.0,149.0,0.7,1.2,1.5,4.1,62.6,913.6,51.39,25970.0,0.0
30900,98.0,110.0,120.0,1.1,1.4,1.6,4.1,59.2,913.6,51.39,25970.0,0.0
30960,93.0,116.0,143.0,0.6,1.1,1.7,4.1,61.1,913.7,51.39,25970.0,0.0
31020,119.0,150.0,191.0,1.2,1.9,2.3,4.1,62.0,913.7,51.39,25970.0,0.0
31080,102.0,121.0,134.0,1.0,1.7,2.6,4.0,60.5,913.7,51.39,25970.0,0.0
31140,97.0,114.0,142.0,1.2,1.8,2.4,4.1,60.9,913.7,51.39,25970.0,0.0
31200,130.0,139.0,148.0,1.3,2.0,2.8,4.1,61.4,913.7,51.39,25970.0,0.0
31260,103.0,135.0,180.0,0.6,1.1,1.7,4.1,62.1,913.7,51.39,25970.0,0.0
31320,132.0,141.0,147.0,1.8,2.7,3.5,4.1,61.9,913.7,51.39,25970.0,0.0
31380,139.0,149.0,205.0,1.9,2.4,3.0,4.3,63.1,913.7,51.39,25970.0,0.0
31440,120.0,130.0,141.0,1.2,1.8,2.4,4.3,59.4,913.7,51.39,25970.0,0.0
31500,106.0,135.0,148.0,0.6,1.3,2.0,4.2,60.9,913.7,51.39,25970.0,0.0
31560,114.0,126.0,143.0,1.9,2.1,2.4,4.2,61.0,913.7,51.39,25970.0,0.0
31620,108.0,131.0,146.0,0.6,1.6,2.4,4.2,61.0,913.7,51.39,25970.0,0.0
31680,138.0,150.0,180.0,0.9,1.4,2.0,4.2,63.6,913.7,51.39,25970.0,0.0
31740,116.0,134.0,149.0,1.7,2.4,2.8,4.3,64.4,913.7,51.39,25970.0,0.0
31800,120.0,138.0,174.0,1.4,1.8,2.3,4.4,65.0,913.8,51.39,25970.0,0.0
31860,117.0,136.0,148.0,1.1,1.8,2.5,4.4,61.7,913.8,51.39,25970.0,0.0
31920,119.0,126.0,136.0,1.3,1.8,2.3,4.3,60.2,913.8,51.39,25970.0,0.0
31980,133.0,177.0,324.0,1.3,2.2,2.7,4.3,62.4,913.8,51.39,25970.0,0.0
32040,141.0,148.0,180.0,2.3,2.6,2.9,4.3,62.2,913.8,51.39,25970.0,0.0
32100,122.0,128.0,135.0,1.9,2.8,3.3,4.2,62.5,913.8,51.39,25970.0,0.0
32160,139.0,159.0,178.0,1.4,2.5,3.6,4.2,62.1,913.8,51.39,25970.0,0.0
32220,106.0,154.0,199.0,0.8,1.8,2.6,4.1,62.9,913.8,51.39,25970.0,0.0
32280,133.0,170.0,278.0,1.1,1.7,2.3,4.1,61.9,913.8,51.39,25970.0,0.0
32340,144.0,151.0,155.0,1.8,2.4,3.3,4.1,62.8,913.8,51.39,25970.0,0.0
32400,125.0,139.0,155.0,1.1,2.0,2.5,4.1,61.8,913.8,51.39,25970.0,0.0
32460,152.0,178.0,201.0,0.9,1.4,2.0,4.1,64.2,913.8,51.39,25970.0,0.0
32520,144.0,170.0,228.0,0.5,2.0,3.1,4.1,64.2,913.8,51.39,25970.0,0.0
32580,141.0,169.0,237.0,1.0,1.7,2.2,4.1,65.8,913.8,51.39,25970.0,0.0
32640,95.0,120.0,141.0,2.0,2.4,3.1,4.2,63.4,913.8,51.39,25970.0,0.0
32700,116.0,159.0,232.0,1.3,2.3,3.3,4.0,63.9,913.7,51.39,25970.0,0.0
32760,130.0,145.0,180.0,1.5,2.1,2.6,3.9,64.3,913.7,51.39,25970.0,0.0
32820,141.0,159.0,236.0,1.1,2.0,2.6,4.0,63.9,913.7,51.39,25970.0,0.0
32880,140.0,145.0,151.0,3.2,3.7,4.5,4.1,65.0,913.8,51.39,25970.0,0.0
32940,126.0,132.0,140.0,2.3,2.6,3.0,4.0,63.4,913.8,51.39,25970.0,0.0
33000,122.0,139.0,166.0,1.3,2.0,2.9,4.0,66.0,913.8,51.39,25970.0,0.0
33060,100.0,141.0,180.0,0.9,2.0,2.5,4.0,65.8,913.8,51.39,25970.0,0.0
33120,138.0,201.0,291.0,0.7,1.7,3.0,4.0,64.7,913.8,51.39,25970.0,0.0
33180,101.0,162.0,256.0,1.1,2.2,3.6,4.0,66.9,913.8,51.39,25970.0,0.0
33240,132.0,135.0,140.0,1.9,3.0,3.8,4.1,63.4,913.8,51.39,25970.0,0.0
33300,130.0,145.0,165.0,2.0,2.3,3.0,4.0,64.9,913.9,51.39,25970.0,0.0
33360,125.0,142.0,214.0,1.9,2.8,3.6,4.0,65.2,913.8,51.39,25970.0,0.0
33420,125.0,136.0,149.0,2.0,3.6,5.0,3.9,66.5,913.8,51.39,25970.0,0.0
33480,126.0,168.0,221.0,1.5,2.2,3.2,4.0,66.8,913.8,51.39,25970.0,0.0
33540,119.0,130.0,141.0,2.2,2.6,3.1,4.0,64.8,913.7,51.39,25970.0,0.0
33600,141.0,165.0,234.0,1.9,2.9,3.8,4.1,66.4,913.7,51.39,25970.0,0.0
33660,124.0,150.0,212.0,1.3,2.4,3.4,4.2,66.0,913.8,51.39,25970.0,0.0
33720,96.0,128.0,142.0,0.8,2.4,3.7,4.2,65.9,913.8,51.39,25970.0,0.0
33780,137.0,145.0,150.0,2.6,3.8,4.6,4.3,66.8,913.8,51.39,25970.0,0.0
33840,140.0,152.0,194.0,1.4,2.7,3.4,4.3,65.3,913.9,51.39,25970.0,0.0
33900,80.0,131.0,145.0,0.9,2.6,3.5,4.3,67.0,913.9,51.39,25970.0,0.0
33960,130.0,143.0,159.0,2.0,2.7,3.6,4.4,65.2,913.9,51.39,25970.0,0.0
34020,134.0,145.0,155.0,2.4,3.2,3.8,4.4,65.8,913.9,51.39,25970.0,0.0
34080,132.0,142.0,160.0,2.0,2.4,2.7,4.3,62.9,914.0,51.39,25970.0,0.0
34140,138.0,180.0,241.0,0.6,1.3,1.6,4.5,67.8,914.0,51.39,25970.0,0.0
34200,127.0,185.0,232.0,1.1,2.0,2.6,4.7,66.9,914.0,51.39,25970.0,0.0
34260,140.0,184.0,246.0,1.5,2.4,3.1,4.7,64.3,914.0,51.39,25970.0,0.0
34320,146.0,178.0,202.0,1.6,2.3,3.1,4.5,62.5,914.1,51.39,25970.0,0.0
34380,110.0,176.0,232.0,1.0,2.0,3.6,4.4,63.5,914.1,51.39,25970.0,0.0
34440,103.0,186.0,235.0,1.9,2.5,3.1,4.3,62.4,914.0,51.39,25970.0,0.0
34500,113.0,139.0,161.0,0.8,1.9,3.0,4.3,62.5,914.0,51.39,25970.0,0.0
34560,138.0,152.0,180.0,1.7,2.7,3.4,4.3,62.8,914.1,51.39,25970.0,0.0
34620,134.0,142.0,147.0,1.3,2.2,2.8,4.1,64.1,914.1,51.39,25970.0,0.0
34680,100.0,125.0,143.0,1.9,2.6,3.0,4.1,65.5,914.0,51.39,25970.0,0.0
34740,98.0,150.0,293.0,1.0,2.3,3.1,4.2,69.3,914.0,51.39,25970.0,0.0
34800,56.0,140.0,236.0,1.8,2.6,3.7,4.4,66.4,914.0,51.39,25970.0,0.0
34860,139.0,147.0,183.0,2.1,4.3,5.2,4.4,66.3,914.0,51.39,25970.0,0.0
34920,140.0,163.0,231.0,2.0,2.8,3.4,4.3,63.8,914.0,51.39,25970.0,0.0
34980,25.0,131.0,166.0,0.8,2.5,3.9,4.2,65.2,914.0,51.39,25970.0,0.0
35040,111.0,147.0,205.0,0.4,1.1,1.8,4.1,63.7,914.0,51.39,25970.0,0.0
35100,321.0,111.0,148.0,1.2,2.2,2.9,4.3,65.7,914.0,51.39,25970.0,0.0
35160,142.0,153.0,180.0,1.6,2.7,3.4,4.3,66.4,914.0,51.39,25970.0,0.0
35220,100.0,127.0,151.0,0.6,1.4,2.3,4.5,66.2,914.0,51.39,25970.0,0.0
35280,151.0,179.0,227.0,2.0,2.4,2.9,4.8,69.7,914.0,51.39,25970.0,0.0
35340,131.0,161.0,301.0,0.6,1.2,2.0,4.7,63.2,914.1,51.39,25970.0,0.0
35400,113.0,159.0,193.0,0.7,1.5,2.1,4.7,68.0,914.1,51.39,25970.0,0.0
35460,111.0,154.0,211.0,1.3,2.3,3.5,4.8,66.9,914.1,51.39,25970.0,0.0
35520,155.0,188.0,227.0,1.5,2.2,3.1,4.8,65.7,914.1,51.39,25970.0,0.0
35580,125.0,171.0,202.0,1.0,1.6,1.9,4.5,63.2,914.1,51.39,25970.0,0.0
35640,144.0,158.0,173.0,1.6,2.0,2.6,4.3,63.2,914.1,51.39,25970.0,0.0
35700,95.0,112.0,129.0,1.6,2.0,2.6,4.2,66.0,914.1,51.39,25970.0,0.0
35760,127.0,155.0,184.0,1.0,1.4,1.7,4.3,68.8,914.1,51.39,25970.0,0.0
35820,79.0,119.0,138.0,0.6,2.1,3.1,4.5,70.6,914.1,51.39,25970.0,0.0
35880,87.0,138.0,188.0,1.3,2.3,3.3,4.8,69.1,914.1,51.39,25970.0,0.0
35940,136.0,141.0,146.0,3.0,3.6,4.3,4.9,68.3,914.2,51.39,25970.0,0.0
36000,132.0,180.0,213.0,0.7,1.5,2.1,5.0,71.1,914.2,51.39,25970.0,0.0
36060,135.0,155.0,184.0,1.7,2.6,3.6,5.3,69.7,914.2,51.39,25970.0,0.0
36120,176.0,191.0,204.0,1.3,2.4,3.1,5.2,69.0,914.2,51.39,25970.0,0.0
36180,125.0,135.0,143.0,0.9,2.3,3.0,5.0,68.4,914.1,51.39,25970.0,0.0
36240,170.0,192.0,210.0,1.7,2.4,2.9,5.1,67.4,914.1,51.39,25970.0,0.0
36300,128.0,167.0,196.0,0.5,1.0,1.7,4.9,66.1,914.2,51.39,25970.0,0.0
36360,119.0,129.0,136.0,1.5,2.0,2.5,5.0,66.5,914.2,51.39,25970.0,0.0
36420,133.0,178.0,209.0,0.6,0.9,1.3,5.0,66.5,914.2,51.39,25970.0,0.0
36480,147.0,158.0,170.0,1.2,1.7,2.2,5.0,65.1,914.2,51.39,25970.0,0.0
36540,288.0,71.0,134.0,0.2,0.4,0.6,4.8,64.0,914.2,51.39,25970.0,0.0
36600,137.0,180.0,214.0,0.7,1.2,1.7,4.8,65.5,914.2,51.39,25970.0,0.0
36660,150.0,178.0,211.0,1.7,2.8,3.6,5.0,69.2,914.2,51.39,25970.0,0.0
36720,180.0,200.0,237.0,1.7,3.0,3.6,5.2,67.5,914.2,51.39,25970.0,0.0
36780,137.0,190.0,253.0,1.0,1.5,2.3,5.2,65.5,914.2,51.39,25970.0,0.0
36840,107.0,137.0,173.0,1.3,1.8,2.3,5.1,65.6,914.2,51.39,25970.0,0.0
36900,133.0,143.0,159.0,2.3,3.0,4.0,5.1,68.0,914.1,51.39,25970.0,0.0
36960,158.0,179.0,211.0,0.9,1.4,1.9,5.3,64.8,914.1,51.39,25970.0,0.0
37020,166.0,178.0,196.0,1.6,2.0,2.3,5.1,65.2,914.1,51.39,25970.0,0.0
37080,177.0,186.0,195.0,1.3,1.9,2.4,5.0,64.2,914.2,51.39,25970.0,0.0
37140,127.0,174.0,226.0,0.2,1.4,2.3,4.8,65.1,914.1,51.39,25970.0,0.0
37200,134.0,177.0,219.0,1.4,1.9,2.4,5.1,69.3,914.1,51.39,25970.0,0.0
37260,98.0,176.0,230.0,0.9,2.1,3.0,5.3,67.9,914.1,51.39,25970.0,0.0
37320,144.0,191.0,223.0,1.1,2.1,3.0,5.4,65.9,914.1,51.39,25970.0,0.0
37380,116.0,146.0,201.0,1.1,2.6,3.7,5.2,66.4,914.1,51.39,25970.0,0.0
37440,100.0,137.0,198.0,1.6,2.4,3.5,5.3,68.2,914.0,51.39,25970.0,0.0
37500,118.0,131.0,137.0,1.6,3.1,4.0,5.5,68.8,914.1,51.39,25970.0,0.0
37560,61.0,143.0,180.0,1.2,1.8,2.8,5.4,66.5,914.1,51.39,25970.0,0.0
37620,147.0,187.0,260.0,1.9,2.6,3.2,5.4,68.3,914.0,51.39,25970.0,0.0
37680,117.0,134.0,145.0,0.6,1.0,1.5,5.1,64.9,914.1,51.39,25970.0,0.0
37740,108.0,124.0,137.0,1.3,2.0,2.5,5.0,67.1,914.1,51.39,25970.0,0.0
37800,129.0,158.0,238.0,1.1,1.6,2.8,4.9,66.9,914.1,51.39,25970.0,0.0
37860,105.0,115.0,124.0,1.6,1.9,2.6,4.9,68.2,914.1,51.39,25970.0,0.0
37920,133.0,185.0,222.0,1.1,1.8,2.3,5.0,69.7,914.1,51.39,25970.0,0.0
37980,116.0,152.0,180.0,1.1,1.6,2.0,5.5,70.0,914.0,51.39,25970.0,0.0
38040,173.0,199.0,253.0,1.1,1.4,2.0,5.7,65.6,914.0,51.39,25970.0,0.0
38100,121.0,131.0,142.0,2.3,3.3,4.4,5.5,64.4,914.0,51.39,25970.0,0.0
38160,329.0,91.0,274.0,0.2,0.6,1.5,5.2,65.8,914.0,51.39,25970.0,0.0
38220,168.0,185.0,210.0,1.6,2.2,3.0,5.1,65.8,914.0,51.39,25970.0,0.0
38280,2.0,119.0,182.0,0.5,1.2,1.9,4.9,64.7,914.0,51.39,25970.0,0.0
38340,104.0,150.0,211.0,0.5,1.3,2.5,5.0,66.5,914.0,51.39,25970.0,0.0
38400,142.0,150.0,158.0,2.7,2.9,3.3,5.0,65.2,914.0,51.39,25970.0,0.0
38460,123.0,141.0,168.0,1.3,2.0,3.2,4.8,65.7,914.0,51.39,25970.0,0.0
38520,131.0,158.0,179.0,0.5,0.9,1.3,4.7,66.4,913.9,51.39,25970.0,0.0
38580,164.0,177.0,191.0,0.4,0.6,0.8,4.8,66.5,913.9,51.39,25970.0,0.0
38640,103.0,120.0,133.0,1.7,2.4,3.2,5.0,68.7,913.9,51.39,25970.0,0.0
38700,129.0,169.0,295.0,0.7,1.9,2.7,5.6,70.2,913.8,51.39,25970.0,0.0
38760,105.0,146.0,179.0,0.8,1.8,2.6,5.8,66.6,913.9,51.39,25970.0,0.0
38820,131.0,164.0,197.0,1.2,2.1,2.9,5.9,65.4,913.9,51.39,25970.0,0.0
38880,185.0,197.0,236.0,1.1,1.6,1.8,5.6,62.8,913.9,51.39,25970.0,0.0
38940,119.0,153.0,178.0,0.4,1.2,1.7,5.5,66.8,913.9,51.39,25970.0,0.0
39000,109.0,167.0,204.0,1.5,2.4,3.7,5.5,67.3,913.8,51.39,25970.0,0.0
39060,145.0,167.0,208.0,0.8,1.9,2.9,5.7,63.7,913.8,51.39,25970.0,0.0
39120,129.0,147.0,169.0,0.5,1.0,1.7,5.4,63.4,913.7,51.39,25970.0,0.0
39180,138.0,171.0,195.0,1.0,1.6,2.0,5.3,66.8,913.7,51.39,25970.0,0.0
39240,97.0,132.0,169.0,0.5,1.3,1.7,5.5,66.5,913.7,51.39,25970.0,0.0
39300,134.0,144.0,159.0,2.3,2.8,3.3,5.7,66.8,913.7,51.39,25970.0,0.0
39360,66.0,131.0,154.0,1.9,3.1,4.0,5.6,65.5,913.7,51.39,25970.0,0.0
39420,89.0,130.0,190.0,0.7,1.1,1.8,5.4,64.2,913.7,51.39,25970.0,0.0
39480,132.0,159.0,178.0,1.6,2.2,2.7,5.2,64.9,913.7,51.39,25970.0,0.0
39540,127.0,136.0,151.0,1.0,1.6,2.6,5.2,67.7,913.7,51.39,25970.0,0.0
39600,132.0,149.0,160.0,0.7,1.2,1.7,5.4,66.3,913.7,51.39,25970.0,0.0
39660,185.0,193.0,202.0,2.2,2.5,2.8,5.5,65.2,913.7,51.39,25970.0,0.0
39720,32.0,112.0,151.0,0.1,4.7,15.1,5.3,64.7,913.7,51.39,25970.0,0.0
39780,143.0,205.0,330.0,1.4,5.7,15.6,5.5,69.2,913.7,51.39,25970.0,0.0
39840,141.0,168.0,261.0,0.7,1.8,2.5,6.0,68.7,913.7,51.39,25970.0,0.0
39900,117.0,166.0,251.0,0.4,1.4,2.5,6.3,67.2,913.7,51.39,25970.0,0.0
39960,124.0,138.0,160.0,1.5,2.7,3.4,6.3,65.7,913.7,51.39,25970.0,0.0
40020,134.0,149.0,170.0,2.9,4.0,5.2,6.2,66.9,913.7,51.39,25970.0,0.0
40080,121.0,141.0,164.0,2.1,2.9,3.7,6.1,64.8,913.7,51.39,25970.0,0.0
40140,160.0,174.0,206.0,0.9,1.8,2.5,6.1,65.8,913.7,51.39,25970.0,0.0
40200,179.0,198.0,231.0,2.7,3.4,4.4,5.9,66.7,913.6,51.39,25970.0,0.0
40260,162.0,176.0,194.0,1.7,2.2,3.1,5.7,64.4,913.7,51.39,25970.0,0.0
40320,150.0,179.0,205.0,1.1,2.0,2.9,5.5,65.1,913.7,51.39,25970.0,0.0
40380,124.0,136.0,145.0,3.3,3.9,4.5,5.5,64.8,913.7,51.39,25970.0,0.0
40440,96.0,107.0,120.0,2.7,3.0,3.2,5.2,64.9,913.7,51.39,25970.0,0.0
40500,105.0,126.0,147.0,1.6,2.4,3.1,5.2,68.2,913.7,51.39,25970.0,0.0
40560,39.0,105.0,191.0,0.5,1.2,2.1,5.5,68.1,913.6,51.39,25970.0,0.0
40620,175.0,188.0,213.0,1.8,2.9,3.5,5.9,67.4,913.6,51.39,25970.0,0.0
40680,131.0,142.0,149.0,1.6,2.0,2.2,5.9,64.9,913.6,51.39,25970.0,0.0
40740,145.0,178.0,232.0,0.9,1.5,2.1,5.8,65.4,913.6,51.39,25970.0,0.0
40800,150.0,192.0,237.0,1.3,2.3,2.9,6.0,66.2,913.6,51.39,25970.0,0.0
40860,175.0,206.0,236.0,1.6,2.4,3.4,5.9,63.6,913.6,51.39,25970.0,0.0
40920,107.0,159.0,235.0,0.5,1.1,1.5,6.0,67.7,913.6,51.39,25970.0,0.0
40980,139.0,149.0,177.0,1.1,1.8,2.7,6.1,66.5,913.6,51.39,25970.0,0.0
41040,185.0,196.0,207.0,3.3,4.1,5.2,6.6,68.1,913.5,51.39,25970.0,0.0
41100,142.0,184.0,237.0,1.3,1.8,2.2,6.7,63.3,913.5,51.39,25970.0,0.0
41160,124.0,140.0,160.0,1.6,2.8,3.5,6.4,63.0,913.5,51.39,25970.0,0.0
41220,130.0,140.0,161.0,1.7,2.4,3.1,6.1,63.8,913.5,51.39,25970.0,0.0
41280,112.0,149.0,211.0,1.3,2.6,3.7,6.2,65.2,913.5,51.39,25970.0,0.0
41340,137.0,151.0,204.0,1.1,1.8,2.5,6.2,62.9,913.5,51.39,25970.0,0.0
41400,108.0,146.0,228.0,0.9,2.1,2.9,6.1,63.9,913.5,51.39,25970.0,0.0
41460,124.0,148.0,192.0,1.0,1.6,2.3,6.0,64.6,913.5,51.39,25970.0,0.0
41520,78.0,126.0,151.0,0.5,0.9,1.4,6.0,63.6,913.4,51.39,25970.0,0.0
41580,166.0,192.0,210.0,1.1,1.6,2.2,5.9,63.9,913.4,51.39,25970.0,0.0
41640,163.0,190.0,214.0,1.3,2.2,3.1,5.8,64.2,913.4,51.39,25970.0,0.0
41700,131.0,193.0,274.0,0.1,2.4,10.6,6.0,66.8,913.4,51.39,25970.0,0.0
41760,181.0,195.0,220.0,1.6,2.8,3.9,6.2,64.3,913.3,51.39,25970.0,0.0
41820,118.0,157.0,198.0,0.4,1.5,2.5,6.3,65.7,913.3,51.39,25970.0,0.0
41880,179.0,196.0,215.0,2.2,2.7,3.6,6.6,65.5,913.3,51.39,25970.0,0.0
41940,110.0,132.0,170.0,1.3,2.6,3.6,6.5,63.1,913.3,51.39,25970.0,0.0
42000,122.0,148.0,175.0,2.1,2.5,3.0,6.5,66.5,913.3,51.39,25970.0,0.0
42060,171.0,198.0,233.0,2.2,2.7,3.4,6.5,64.5,913.3,51.39,25970.0,0.0
42120,192.0,202.0,222.0,2.9,3.4,4.0,6.5,62.5,913.3,51.39,25970.0,0.0
42180,115.0,139.0,171.0,1.3,2.8,3.8,6.1,63.7,913.3,51.39,25970.0,0.0
42240,106.0,116.0,124.0,1.5,2.1,2.7,5.8,61.7,913.4,51.39,25970.0,0.0
42300,94.0,110.0,125.0,1.0,1.7,2.8,5.5,62.9,913.3,51.39,25970.0,0.0
42360,96.0,107.0,128.0,0.4,0.9,1.2,5.4,64.7,913.3,51.39,25970.0,0.0
42420,189.0,204.0,219.0,3.0,3.6,4.2,5.5,66.1,913.3,51.39,25970.0,0.0
42480,188.0,195.0,202.0,2.7,3.0,3.3,5.7,64.8,913.3,51.39,25970.0,0.0
42540,204.0,217.0,230.0,2.2,2.8,3.7,5.7,64.5,913.3,51.39,25970.0,0.0
42600,185.0,197.0,214.0,1.4,1.7,2.1,5.6,62.9,913.3,51.39,25970.0,0.0
42660,193.0,217.0,267.0,2.0,2.6,3.3,5.7,65.2,913.3,51.39,25970.0,0.0
42720,172.0,184.0,203.0,1.7,2.1,2.5,6.0,67.2,913.3,51.39,25970.0,0.0
42780,175.0,195.0,222.0,1.2,2.9,3.9,6.2,65.8,913.3,51.39,25970.0,0.0
42840,185.0,205.0,233.0,2.3,3.1,3.6,6.2,65.1,913.3,51.39,25970.0,0.0
42900,186.0,198.0,204.0,1.9,2.8,3.9,6.2,66.7,913.2,51.39,25970.0,0.0
42960,185.0,198.0,209.0,2.1,2.9,3.5,6.5,66.1,913.2,51.39,25970.0,0.0
43020,190.0,217.0,238.0,1.8,2.5,3.0,6.7,64.2,913.2,51.39,25970.0,0.0
43080,172.0,196.0,235.0,2.1,2.9,3.8,6.8,64.3,913.2,51.39,25970.0,0.0
43140,182.0,212.0,276.0,1.0,1.5,1.8,6.5,61.6,913.2,51.39,25970.0,0.0
43200,173.0,219.0,243.0,1.5,2.1,2.6,6.3,62.3,913.2,51.39,25970.0,0.0
43260,183.0,197.0,220.0,1.4,2.4,3.2,6.3,64.2,913.2,51.39,25970.0,0.0
43320,198.0,214.0,237.0,2.0,2.4,2.6,6.2,62.2,913.1,51.39,25970.0,0.0
43380,138.0,196.0,227.0,1.0,2.0,2.8,6.2,64.0,913.1,51.39,25970.0,0.0
43440,118.0,190.0,231.0,0.8,2.3,3.1,6.3,64.1,913.1,51.39,25970.0,0.0
43500,171.0,192.0,220.0,2.0,2.7,3.4,6.7,66.4,913.1,51.39,25970.0,0.0
43560,212.0,232.0,265.0,1.8,2.1,2.4,7.0,62.8,913.1,51.39,25970.0,0.0
43620,206.0,220.0,237.0,2.4,2.9,3.5,7.0,62.9,913.0,51.39,25970.0,0.0
43680,104.0,179.0,220.0,0.8,2.1,3.6,7.0,61.7,913.0,51.39,25970.0,0.0
43740,167.0,199.0,234.0,2.1,2.6,4.1,6.8,60.9,912.9,51.39,25970.0,0.0
43800,145.0,176.0,220.0,1.6,2.5,3.9,6.9,63.0,912.9,51.39,25970.0,0.0
43860,108.0,124.0,134.0,1.4,3.4,4.3,7.0,62.2,912.9,51.39,25970.0,0.0
43920,150.0,167.0,195.0,1.3,1.7,2.0,6.8,60.4,913.0,51.39,25970.0,0.0
43980,98.0,104.0,108.0,1.7,1.9,2.1,6.4,60.2,913.0,51.39,25970.0,0.0
44040,44.0,113.0,139.0,0.4,1.2,2.9,6.2,61.1,912.9,51.39,25970.0,0.0
44100,28.0,86.0,115.0,0.4,1.3,2.2,6.1,61.2,912.9,51.39,25970.0,0.0
44160,96.0,125.0,271.0,0.1,1.9,9.4,6.2,63.1,912.9,51.39,25970.0,0.0
44220,119.0,127.0,144.0,1.3,2.5,3.0,6.3,62.7,912.9,51.39,25970.0,0.0
44280,171.0,192.0,207.0,1.3,1.8,2.1,6.3,62.4,912.8,51.39,25970.0,0.0
44340,145.0,202.0,250.0,0.2,0.9,1.6,6.4,61.6,912.8,51.39,25970.0,0.0
44400,144.0,178.0,200.0,1.6,2.7,3.9,6.7,61.9,912.8,51.39,25970.0,0.0
44460,194.0,216.0,242.0,1.1,1.8,2.3,6.5,57.6,912.8,51.39,25970.0,0.0
44520,125.0,161.0,192.0,0.3,1.2,1.5,6.3,60.1,912.8,51.39,25970.0,0.0
44580,152.0,213.0,238.0,1.0,2.7,3.4,6.4,60.9,912.8,51.39,25970.0,0.0
44640,123.0,189.0,238.0,0.3,1.0,1.6,6.7,63.5,912.7,51.39,25970.0,0.0
44700,141.0,154.0,165.0,1.9,2.6,3.1,6.9,58.3,912.7,51.39,25970.0,0.0
44760,148.0,158.0,183.0,1.3,1.7,2.4,6.7,59.5,912.7,51.39,25970.0,0.0
44820,133.0,156.0,195.0,1.6,2.2,3.1,6.5,60.0,912.7,51.39,25970.0,0.0
44880,184.0,201.0,236.0,1.7,2.0,2.4,6.4,60.3,912.7,51.39,25970.0,0.0
44940,132.0,179.0,216.0,0.5,1.4,2.9,6.7,61.1,912.7,51.39,25970.0,0.0
45000,141.0,184.0,211.0,1.1,1.4,1.9,6.7,59.1,912.7,51.39,25970.0,0.0
45060,182.0,201.0,237.0,1.0,1.1,1.3,6.5,58.2,912.7,51.39,25970.0,0.0
45120,117.0,124.0,139.0,0.4,1.5,2.2,6.5,60.3,912.7,51.39,25970.0,0.0
45180,116.0,143.0,204.0,0.8,1.2,2.0,6.4,59.8,912.7,51.39,25970.0,0.0
45240,132.0,182.0,290.0,0.6,1.5,2.2,6.5,61.0,912.6,51.39,25970.0,0.0
45300,135.0,173.0,196.0,1.2,2.1,3.0,6.9,58.3,912.7,51.39,25970.0,0.0
45360,181.0,198.0,211.0,3.1,3.5,4.3,7.1,57.1,912.7,51.39,25970.0,0.0
45420,189.0,200.0,209.0,2.6,2.9,3.1,7.2,56.8,912.6,51.39,25970.0,0.0
45480,187.0,223.0,245.0,1.2,2.0,2.5,7.3,58.9,912.6,51.39,25970.0,0.0
45540,127.0,228.0,329.0,0.7,3.3,10.7,7.4,58.4,912.6,51.39,25970.0,0.0
45600,152.0,201.0,236.0,1.4,4.8,11.2,7.7,58.4,912.6,51.39,25970.0,0.0
45660,195.0,225.0,265.0,2.1,4.4,12.6,7.7,56.1,912.6,51.39,25970.0,0.0
45720,178.0,187.0,207.0,1.5,2.1,2.5,7.5,55.4,912.6,51.39,25970.0,0.0
45780,154.0,191.0,213.0,2.4,5.2,16.2,7.0,55.1,912.6,51.39,25970.0,0.0
45840,86.0,127.0,213.0,0.1,0.5,1.0,6.7,55.8,912.6,51.39,25970.0,0.0
45900,89.0,109.0,145.0,0.2,3.5,14.8,6.6,58.1,912.6,51.39,25970.0,0.0
45960,146.0,148.0,151.0,16.5,17.3,18.2,6.7,58.3,912.5,51.39,25970.0,0.0
46020,180.0,255.0,12.0,0.6,2.1,10.2,6.8,58.3,912.5,51.39,25970.0,0.0
46080,231.0,288.0,339.0,0.4,0.9,1.9,6.9,57.4,912.5,51.39,25970.0,0.0
46140,328.0,134.0,213.0,0.6,2.8,9.9,7.0,58.5,912.6,51.39,25970.0,0.0
46200,187.0,218.0,250.0,1.5,2.7,4.2,7.2,58.0,912.5,51.39,25970.0,0.0
46260,196.0,205.0,211.0,3.4,4.0,4.6,7.3,55.3,912.5,51.39,25970.0,0.0
46320,213.0,313.0,73.0,0.3,0.7,1.2,7.0,55.6,912.5,51.39,25970.0,0.0
46380,237.0,249.0,265.0,1.9,2.3,2.7,7.0,59.3,912.5,51.39,25970.0,0.0
46440,185.0,215.0,325.0,1.7,3.5,10.9,7.1,55.3,912.5,51.39,25970.0,0.0
46500,1.0,114.0,151.0,0.1,3.3,10.2,7.0,55.5,912.5,51.39,25970.0,0.0
46560,328.0,118.0,148.0,1.1,3.1,10.4,7.0,59.3,912.4,51.39,25970.0,0.0
46620,72.0,137.0,231.0,0.8,2.9,10.4,7.3,59.5,912.4,51.39,25970.0,0.0
46680,295.0,34.0,113.0,0.4,0.8,1.3,7.4,56.3,912.4,51.39,25970.0,0.0
46740,182.0,203.0,236.0,0.6,1.8,2.7,7.5,59.9,912.4,51.39,25970.0,0.0
46800,178.0,200.0,231.0,1.9,3.7,4.8,7.6,57.0,912.4,51.39,25970.0,0.0
46860,181.0,195.0,222.0,2.6,3.3,4.2,7.4,55.8,912.4,51.39,25970.0,0.0
46920,95.0,186.0,247.0,1.8,5.0,15.0,7.4,56.9,912.3,51.39,25970.0,0.0
46980,95.0,186.0,247.0,1.8,5.0,15.0,7.5,56.2,912.3,51.39,25970.0,0.0
47040,263.0,296.0,91.0,1.0,2.5,10.2,7.3,54.4,912.3,51.39,25970.0,0.0
47100,137.0,145.0,173.0,1.0,1.9,2.6,7.2,56.7,912.3,51.39,25970.0,0.0
47160,192.0,213.0,238.0,2.9,3.6,4.1,7.2,59.0,912.3,51.39,25970.0,0.0
47220,122.0,192.0,285.0,18.8,19.2,20.0,7.3,56.5,912.3,51.39,25970.0,0.0
47280,93.0,183.0,324.0,3.2,13.1,20.2,7.3,57.3,912.2,51.39,25970.0,0.0
47340,95.0,190.0,249.0,2.4,5.5,15.2,7.2,57.3,912.3,51.39,25970.0,0.0
47400,93.0,232.0,329.0,18.2,19.3,20.3,7.3,59.6,912.3,51.39,25970.0,0.0
47460,156.0,196.0,241.0,3.2,13.4,20.8,7.5,58.0,912.2,51.39,25970.0,0.0
47520,94.0,205.0,329.0,18.3,19.7,20.8,7.5,56.8,912.3,51.39,25970.0,0.0
47580,137.0,200.0,327.0,11.2,18.0,20.5,7.5,59.8,912.3,51.39,25970.0,0.0
47640,324.0,108.0,227.0,0.2,8.3,21.0,7.6,57.2,912.3,51.39,25970.0,0.0
47700,138.0,196.0,269.0,4.5,13.1,20.4,7.8,57.9,912.2,51.39,25970.0,0.0
47760,93.0,132.0,268.0,15.8,17.6,18.8,7.5,55.2,912.2,51.39,25970.0,0.0
47820,91.0,98.0,137.0,17.6,18.4,19.1,7.2,56.9,912.2,51.39,25970.0,0.0
47880,154.0,195.0,329.0,7.6,17.8,21.0,7.1,56.2,912.2,51.39,25970.0,0.0
47940,94.0,200.0,239.0,2.4,5.9,12.2,6.9,57.4,912.2,51.39,25970.0,0.0
48000,96.0,106.0,130.0,0.7,1.0,1.2,6.9,56.3,912.2,51.39,25970.0,0.0
48060,104.0,119.0,132.0,1.1,1.4,1.8,6.7,58.1,912.2,51.39,25970.0,0.0
48120,90.0,127.0,271.0,13.5,18.3,19.9,6.8,59.6,912.2,51.39,25970.0,0.0
48180,313.0,63.0,93.0,10.2,17.5,19.9,7.0,60.1,912.2,51.39,25970.0,0.0
48240,52.0,128.0,221.0,18.8,19.6,20.2,7.3,59.6,912.2,51.39,25970.0,0.0
48300,327.0,65.0,158.0,19.4,19.8,20.4,7.4,58.7,912.2,51.39,25970.0,0.0
48360,325.0,117.0,205.0,12.1,19.2,20.8,7.6,60.4,912.1,51.39,25970.0,0.0
48420,159.0,198.0,213.0,3.8,5.6,12.1,7.8,57.1,912.1,51.39,25970.0,0.0
48480,94.0,187.0,238.0,0.9,3.3,9.9,7.7,58.0,912.1,51.39,25970.0,0.0
48540,96.0,124.0,238.0,11.2,19.1,20.8,7.8,57.2,912.1,51.39,25970.0,0.0
48600,154.0,269.0,329.0,6.0,16.9,19.9,7.8,57.1,912.1,51.39,25970.0,0.0
48660,138.0,196.0,328.0,3.6,16.0,20.6,7.7,56.3,912.1,51.39,25970.0,0.0
48720,139.0,193.0,221.0,2.7,7.5,19.3,7.6,56.5,912.1,51.39,25970.0,0.0
48780,193.0,201.0,216.0,2.5,3.3,3.9,7.4,55.8,912.1,51.39,25970.0,0.0
48840,59.0,152.0,228.0,0.5,1.2,2.0,7.2,55.1,912.1,51.39,25970.0,0.0
48900,53.0,166.0,325.0,4.4,17.0,20.2,7.1,56.5,912.1,51.39,25970.0,0.0
48960,130.0,173.0,204.0,0.9,1.5,1.9,6.9,56.1,912.1,51.39,25970.0,0.0
49020,169.0,189.0,236.0,2.0,2.8,3.3,6.9,57.9,912.1,51.39,25970.0,0.0
49080,95.0,164.0,268.0,4.1,16.1,20.6,7.2,57.7,912.2,51.39,25970.0,0.0
49140,125.0,196.0,250.0,1.3,8.7,20.0,7.4,56.5,912.2,51.39,25970.0,0.0
49200,95.0,130.0,263.0,11.1,18.6,20.5,7.3,56.2,912.1,51.39,25970.0,0.0
49260,92.0,107.0,204.0,10.0,18.2,19.7,7.3,57.1,912.1,51.39,25970.0,0.0
49320,359.0,113.0,189.0,0.3,2.6,10.0,7.4,57.7,912.1,51.39,25970.0,0.0
49380,95.0,107.0,192.0,10.7,17.2,19.9,7.7,59.0,912.1,51.39,25970.0,0.0
49440,189.0,216.0,247.0,1.4,2.0,2.8,7.8,56.8,912.0,51.39,25970.0,0.0
49500,95.0,212.0,238.0,2.0,3.5,10.8,7.8,56.4,912.1,51.39,25970.0,0.0
49560,182.0,198.0,217.0,2.6,3.5,6.2,7.7,55.4,912.1,51.39,25970.0,0.0
49620,180.0,215.0,241.0,1.2,1.5,1.7,7.4,56.4,912.1,51.39,25970.0,0.0
49680,30.0,86.0,136.0,0.2,0.5,1.0,7.4,57.9,912.0,51.39,25970.0,0.0
49740,124.0,225.0,329.0,6.1,15.4,20.3,7.6,57.8,912.0,51.39,25970.0,0.0
49800,94.0,144.0,242.0,10.6,17.2,20.9,7.9,57.7,912.0,51.39,25970.0,0.0
49860,95.0,194.0,238.0,1.3,10.8,20.6,7.9,56.9,912.0,51.39,25970.0,0.0
49920,95.0,194.0,238.0,1.3,10.8,20.6,7.9,55.7,912.0,51.39,25970.0,0.0
49980,278.0,42.0,95.0,3.4,14.9,19.9,7.9,56.2,912.0,51.39,25970.0,0.0
50040,93.0,180.0,238.0,1.1,4.6,14.7,7.9,57.6,912.0,51.39,25970.0,0.0
50100,269.0,274.0,277.0,2.6,4.6,10.3,8.0,56.4,912.0,51.39,25970.0,0.0
50160,93.0,244.0,281.0,2.3,4.2,9.4,8.0,56.2,912.1,51.39,25970.0,0.0
50220,168.0,229.0,258.0,1.6,3.1,5.1,8.0,55.9,912.1,51.39,25970.0,0.0
50280,191.0,224.0,248.0,1.3,2.3,3.3,8.0,56.8,912.1,51.39,25970.0,0.0
50340,96.0,150.0,210.0,19.1,19.9,21.0,8.0,55.1,912.1,51.39,25970.0,0.0
50400,91.0,185.0,267.0,0.9,8.9,19.4,8.0,56.3,912.1,51.39,25970.0,0.0
50460,148.0,215.0,326.0,1.3,3.3,10.3,8.0,55.7,912.1,51.39,25970.0,0.0
50520,189.0,271.0,295.0,1.1,1.5,1.8,7.9,56.2,912.1,51.39,25970.0,0.0
50580,92.0,195.0,329.0,0.3,4.0,14.7,7.8,54.5,912.0,51.39,25970.0,0.0
50640,147.0,164.0,185.0,1.0,2.8,10.3,7.5,53.9,912.0,51.39,25970.0,0.0
50700,94.0,156.0,232.0,0.5,4.3,15.2,7.2,54.6,911.9,51.39,25970.0,0.0
50760,121.0,156.0,239.0,0.3,1.5,3.6,7.2,57.6,912.0,51.39,25970.0,0.0
50820,121.0,156.0,239.0,0.3,1.5,3.6,7.4,56.9,911.9,51.39,25970.0,0.0
50880,95.0,201.0,243.0,1.9,3.3,10.9,7.5,55.0,911.9,51.39,25970.0,0.0
50940,120.0,147.0,178.0,0.1,0.4,0.7,7.3,54.3,911.9,51.39,25970.0,0.0
51000,178.0,192.0,227.0,2.0,2.6,3.0,7.2,56.0,911.9,51.39,25970.0,0.0
51060,172.0,192.0,217.0,1.6,2.3,2.8,7.2,56.2,911.9,51.39,25970.0,0.0
51120,95.0,189.0,243.0,1.6,3.4,10.3,7.2,56.0,911.9,51.39,25970.0,0.0
51180,90.0,159.0,328.0,1.1,9.2,20.7,7.4,56.6,911.9,51.39,25970.0,0.0
51240,93.0,199.0,286.0,0.6,3.9,12.5,7.5,55.9,911.9,51.39,25970.0,0.0
51300,275.0,36.0,164.0,0.3,4.8,15.3,7.6,55.5,911.9,51.39,25970.0,0.0
51360,92.0,187.0,328.0,10.4,18.2,19.9,7.8,55.4,911.9,51.39,25970.0,0.0
51420,182.0,189.0,205.0,2.3,3.3,7.1,7.8,54.0,911.9,51.39,25970.0,0.0
51480,146.0,189.0,237.0,0.6,1.5,2.7,7.6,53.4,911.9,51.39,25970.0,0.0
51540,129.0,207.0,252.0,1.0,2.2,10.7,7.6,55.9,911.9,51.39,25970.0,0.0
51600,125.0,170.0,220.0,1.4,2.2,2.9,7.7,54.4,911.9,51.39,25970.0,0.0
51660,189.0,227.0,254.0,0.9,1.3,1.8,7.7,55.2,911.9,51.39,25970.0,0.0
51720,92.0,174.0,245.0,2.1,8.7,18.2,7.9,55.5,911.9,51.39,25970.0,0.0
51780,181.0,217.0,325.0,2.6,4.4,11.1,8.1,54.1,911.9,51.39,25970.0,0.0
51840,95.0,192.0,241.0,2.0,3.4,10.2,8.0,53.4,911.9,51.39,25970.0,0.0
51900,94.0,215.0,248.0,1.6,3.0,10.8,7.9,53.7,911.9,51.39,25970.0,0.0
51960,181.0,210.0,242.0,1.1,1.4,1.9,7.8,51.6,911.9,51.39,25970.0,0.0
52020,157.0,230.0,266.0,0.5,0.9,1.2,7.7,54.2,911.9,51.39,25970.0,0.0
52080,171.0,219.0,245.0,2.0,2.6,3.0,7.8,54.5,911.9,51.39,25970.0,0.0
52140,138.0,179.0,207.0,0.5,1.4,2.4,7.9,53.3,911.9,51.39,25970.0,0.0
52200,95.0,216.0,255.0,2.4,5.3,10.7,7.9,54.1,911.9,51.39,25970.0,0.0
52260,95.0,181.0,299.0,0.5,2.5,10.1,7.9,54.8,911.9,51.39,25970.0,0.0
52320,93.0,200.0,239.0,0.5,2.6,10.6,8.0,54.3,911.9,51.39,25970.0,0.0
52380,327.0,90.0,156.0,19.2,19.8,20.5,8.0,53.5,911.9,51.39,25970.0,0.0
52440,186.0,216.0,237.0,1.4,1.9,2.3,8.0,54.0,911.9,51.39,25970.0,0.0
52500,94.0,190.0,255.0,1.3,4.5,14.8,8.0,54.3,911.8,51.39,25970.0,0.0
52560,187.0,198.0,222.0,1.6,3.2,3.9,7.8,52.9,911.8,51.39,25970.0,0.0
52620,177.0,194.0,208.0,2.7,3.3,3.8,7.6,53.0,911.9,51.39,25970.0,0.0
52680,181.0,197.0,219.0,2.2,2.7,3.5,7.4,52.8,911.9,51.39,25970.0,0.0
52740,185.0,201.0,235.0,0.9,1.4,2.1,7.2,52.7,911.9,51.39,25970.0,0.0
52800,167.0,207.0,258.0,0.7,1.5,2.3,7.1,55.1,911.9,51.39,25970.0,0.0
52860,187.0,196.0,210.0,2.0,2.6,3.2,7.3,55.3,911.9,51.39,25970.0,0.0
52920,79.0,163.0,334.0,0.1,2.3,10.9,7.5,56.4,911.9,51.39,25970.0,0.0
52980,33.0,107.0,272.0,1.4,10.6,20.8,7.7,54.5,911.9,51.39,25970.0,0.0
53040,151.0,320.0,127.0,5.2,15.7,19.7,7.7,54.5,911.9,51.39,25970.0,0.0
53100,93.0,108.0,179.0,19.0,19.6,20.3,7.7,53.4,911.9,51.39,25970.0,0.0
53160,182.0,228.0,344.0,0.4,1.5,2.4,7.8,54.1,911.9,51.39,25970.0,0.0
53220,93.0,229.0,260.0,1.9,3.9,10.7,7.9,52.9,911.9,51.39,25970.0,0.0
53280,217.0,230.0,239.0,2.5,4.0,8.9,7.9,53.3,911.9,51.39,25970.0,0.0
53340,198.0,226.0,239.0,1.4,2.0,3.0,7.8,52.3,911.9,51.39,25970.0,0.0
53400,236.0,243.0,254.0,1.6,1.9,2.3,7.9,53.0,911.9,51.39,25970.0,0.0
53460,95.0,209.0,238.0,1.3,4.0,10.4,7.8,52.2,911.9,51.39,25970.0,0.0
53520,178.0,186.0,205.0,0.3,1.5,2.4,7.6,51.2,911.9,51.39,25970.0,0.0
53580,89.0,129.0,147.0,0.1,0.5,0.9,7.4,51.4,911.9,51.39,25970.0,0.0
53640,182.0,189.0,201.0,1.1,1.4,1.7,7.3,52.2,911.9,51.39,25970.0,0.0
53700,181.0,202.0,237.0,2.6,3.7,4.5,7.3,55.0,911.8,51.39,25970.0,0.0
53760,182.0,193.0,204.0,1.3,1.6,1.8,7.3,51.6,911.8,51.39,25970.0,0.0
53820,178.0,207.0,255.0,0.8,1.4,1.9,7.2,52.6,911.9,51.39,25970.0,0.0
53880,101.0,172.0,204.0,0.5,1.8,2.6,7.2,54.9,911.9,51.39,25970.0,0.0
53940,184.0,209.0,233.0,2.0,2.9,3.8,7.5,55.6,911.9,51.39,25970.0,0.0
54000,191.0,224.0,246.0,1.5,1.9,2.5,7.6,54.0,911.9,51.39,25970.0,0.0
54060,205.0,231.0,249.0,1.7,2.1,2.5,7.7,54.3,912.0,51.39,25970.0,0.0
54120,164.0,192.0,222.0,1.1,1.6,2.3,7.8,54.3,912.0,51.39,25970.0,0.0
54180,176.0,183.0,195.0,1.2,1.7,2.2,7.6,50.8,912.0,51.39,25970.0,0.0
54240,195.0,203.0,212.0,1.6,3.0,3.8,7.3,52.5,912.0,51.39,25970.0,0.0
54300,170.0,197.0,234.0,1.2,1.7,2.1,7.2,54.9,912.0,51.39,25970.0,0.0
54360,184.0,205.0,229.0,1.1,1.7,2.5,7.4,55.5,912.0,51.39,25970.0,0.0
54420,137.0,193.0,238.0,0.3,1.3,2.2,7.5,53.1,912.0,51.39,25970.0,0.0
54480,178.0,198.0,220.0,0.9,1.5,2.0,7.5,52.6,911.9,51.39,25970.0,0.0
54540,185.0,208.0,235.0,2.1,3.2,4.6,7.4,54.2,912.0,51.39,25970.0,0.0
54600,189.0,198.0,210.0,2.6,2.8,3.2,7.3,53.0,912.0,51.39,25970.0,0.0
54660,109.0,177.0,211.0,0.4,0.8,1.1,7.1,52.7,912.0,51.39,25970.0,0.0
54720,204.0,217.0,230.0,1.1,1.2,1.4,7.0,53.7,912.0,51.39,25970.0,0.0
54780,117.0,205.0,290.0,0.2,2.3,10.0,7.0,53.0,912.0,51.39,25970.0,0.0
54840,103.0,185.0,278.0,0.2,0.7,1.6,7.0,53.2,912.0,51.39,25970.0,0.0
54900,147.0,203.0,327.0,0.4,2.6,9.8,7.1,54.7,912.0,51.39,25970.0,0.0
54960,184.0,202.0,223.0,1.1,1.5,1.8,7.2,53.6,912.0,51.39,25970.0,0.0
55020,93.0,190.0,235.0,1.0,4.5,11.2,7.3,53.5,912.0,51.39,25970.0,0.0
55080,268.0,330.0,93.0,1.2,6.6,16.5,7.4,53.8,912.0,51.39,25970.0,0.0
55140,91.0,110.0,273.0,10.4,17.1,19.2,7.5,54.0,912.0,51.39,25970.0,0.0
55200,174.0,204.0,329.0,2.0,3.6,10.1,7.7,54.6,912.0,51.39,25970.0,0.0
55260,148.0,179.0,211.0,1.1,2.5,10.5,7.6,52.3,912.0,51.39,25970.0,0.0
55320,183.0,192.0,212.0,2.4,2.8,3.7,7.6,52.1,912.0,51.39,25970.0,0.0
55380,203.0,219.0,236.0,1.2,1.9,2.5,7.4,52.0,912.1,51.39,25970.0,0.0
55440,94.0,197.0,236.0,2.4,4.1,11.4,7.4,53.5,912.1,51.39,25970.0,0.0
55500,220.0,256.0,283.0,1.5,2.2,2.8,7.5,52.0,912.2,51.39,25970.0,0.0
55560,179.0,223.0,257.0,1.5,2.5,3.3,7.5,53.0,912.2,51.39,25970.0,0.0
55620,153.0,229.0,279.0,0.4,1.0,1.4,7.5,51.1,912.2,51.39,25970.0,0.0
55680,187.0,262.0,298.0,0.6,1.1,1.6,7.4,52.3,912.2,51.39,25970.0,0.0
55740,234.0,258.0,282.0,0.9,1.1,1.5,7.4,51.5,912.2,51.39,25970.0,0.0
55800,275.0,279.0,284.0,0.8,1.1,1.6,7.4,52.0,912.2,51.39,25970.0,0.0
55860,239.0,279.0,294.0,1.2,1.7,2.1,7.4,52.2,912.2,51.39,25970.0,0.0
55920,91.0,214.0,272.0,2.0,5.9,13.5,7.4,51.0,912.2,51.39,25970.0,0.0
55980,251.0,265.0,283.0,0.9,1.7,2.3,7.3,51.8,912.2,51.39,25970.0,0.0
56040,237.0,269.0,279.0,0.7,1.5,2.0,7.3,52.4,912.2,51.39,25970.0,0.0
56100,293.0,303.0,317.0,1.3,1.9,2.4,7.3,51.8,912.2,51.39,25970.0,0.0
56160,249.0,269.0,281.0,2.0,2.2,2.4,7.2,51.3,912.2,51.39,25970.0,0.0
56220,238.0,263.0,278.0,1.2,1.8,2.3,7.1,51.0,912.2,51.39,25970.0,0.0
56280,266.0,274.0,282.0,1.0,1.2,1.4,7.0,52.2,912.2,51.39,25970.0,0.0
56340,273.0,279.0,287.0,1.3,1.5,1.9,7.0,51.1,912.2,51.39,25970.0,0.0
56400,237.0,274.0,307.0,1.0,1.6,2.4,6.9,52.0,912.2,51.39,25970.0,0.0
56460,259.0,267.0,278.0,1.4,1.9,2.6,6.9,52.1,912.2,51.39,25970.0,0.0
56520,260.0,273.0,279.0,1.9,2.4,2.9,6.9,51.3,912.2,51.39,25970.0,0.0
56580,255.0,282.0,300.0,1.1,1.6,2.0,6.9,51.9,912.2,51.39,25970.0,0.0
56640,257.0,285.0,297.0,0.7,1.6,2.5,6.8,51.8,912.2,51.39,25970.0,0.0
56700,278.0,286.0,296.0,1.9,2.3,2.7,6.8,52.0,912.2,51.39,25970.0,0.0
56760,270.0,284.0,291.0,0.9,1.2,1.4,6.8,51.7,912.1,51.39,25970.0,0.0
56820,272.0,277.0,292.0,1.3,1.6,2.0,6.8,52.0,912.1,51.39,25970.0,0.0
56880,292.0,305.0,343.0,0.7,0.9,1.1,6.7,52.0,912.1,51.39,25970.0,0.0
56940,120.0,229.0,312.0,0.2,0.6,0.9,6.7,52.7,912.1,51.39,25970.0,0.0
57000,237.0,291.0,312.0,0.3,1.0,1.5,6.6,52.7,912.1,51.39,25970.0,0.0
57060,314.0,323.0,342.0,1.4,1.7,2.0,6.6,52.7,912.1,51.39,25970.0,0.0
57120,259.0,274.0,284.0,1.5,1.8,2.1,6.5,52.6,912.1,51.39,25970.0,0.0
57180,282.0,300.0,324.0,1.5,2.0,2.4,6.5,53.2,912.1,51.39,25970.0,0.0
57240,264.0,282.0,288.0,1.6,2.3,2.8,6.4,52.4,912.0,51.39,25970.0,0.0
57300,274.0,277.0,281.0,1.9,2.4,2.9,6.4,52.0,912.0,51.39,25970.0,0.0
57360,270.0,280.0,294.0,1.7,2.0,2.4,6.3,53.0,912.0,51.39,25970.0,0.0
57420,243.0,269.0,279.0,0.5,1.5,2.2,6.3,53.5,912.0,51.39,25970.0,0.0
57480,220.0,267.0,296.0,0.8,1.3,1.8,6.3,53.7,912.0,51.39,25970.0,0.0
57540,272.0,286.0,298.0,1.1,1.6,2.1,6.3,52.9,912.1,51.39,25970.0,0.0
57600,241.0,265.0,275.0,1.2,1.5,1.8,6.3,54.0,912.0,51.39,25970.0,0.0
57660,274.0,278.0,282.0,2.3,2.5,2.8,6.3,53.9,912.1,51.39,25970.0,0.0
57720,276.0,285.0,299.0,0.9,1.4,1.8,6.3,53.6,912.1,51.39,25970.0,0.0
57780,279.0,294.0,316.0,1.4,1.9,2.4,6.2,53.7,912.1,51.39,25970.0,0.0
57840,272.0,281.0,293.0,1.1,1.4,1.8,6.1,54.5,912.1,51.39,25970.0,0.0
57900,271.0,274.0,278.0,1.8,1.9,2.1,6.1,54.4,912.1,51.39,25970.0,0.0
57960,272.0,281.0,285.0,1.9,2.2,2.6,6.0,54.6,912.1,51.39,25970.0,0.0
58020,283.0,291.0,300.0,1.3,1.9,2.3,5.9,54.6,912.1,51.39,25970.0,0.0
58080,289.0,31.0,112.0,0.1,0.2,0.4,5.9,55.5,912.1,51.39,25970.0,0.0
58140,144.0,317.0,100.0,0.1,0.5,1.3,5.9,56.1,912.1,51.39,25970.0,0.0
58200,298.0,316.0,329.0,0.7,1.1,1.4,5.9,55.8,912.1,51.39,25970.0,0.0
58260,293.0,311.0,325.0,0.5,0.9,1.3,5.8,55.8,912.0,51.39,25970.0,0.0
58320,305.0,323.0,335.0,0.8,1.3,1.9,5.8,55.7,912.0,51.39,25970.0,0.0
58380,313.0,325.0,6.0,0.9,1.5,1.9,5.8,56.0,912.0,51.39,25970.0,0.0
58440,301.0,315.0,328.0,0.8,1.2,1.4,5.7,56.4,912.0,51.39,25970.0,0.0
58500,282.0,300.0,325.0,0.8,1.2,1.6,5.7,56.1,912.0,51.39,25970.0,0.0
58560,279.0,292.0,305.0,0.9,1.3,1.5,5.7,57.1,912.1,51.39,25970.0,0.0
58620,272.0,282.0,293.0,1.6,1.8,2.1,5.8,56.9,912.1,51.39,25970.0,0.0
58680,278.0,293.0,313.0,1.0,1.4,1.9,5.8,56.4,912.1,51.39,25970.0,0.0
58740,278.0,292.0,300.0,1.2,1.7,2.2,5.8,56.3,912.1,51.39,25970.0,0.0
58800,274.0,288.0,298.0,1.8,2.1,2.4,5.7,56.3,912.1,51.39,25970.0,0.0
58860,293.0,313.0,330.0,1.1,1.4,1.9,5.7,56.6,912.1,51.39,25970.0,0.0
58920,308.0,332.0,43.0,0.3,0.8,1.2,5.7,56.7,912.1,51.39,25970.0,0.0
58980,104.0,178.0,295.0,0.2,0.5,0.7,5.6,57.1,912.1,51.39,25970.0,0.0
59040,294.0,308.0,321.0,0.8,1.2,1.6,5.6,57.0,912.1,51.39,25970.0,0.0
59100,309.0,317.0,329.0,0.5,0.8,1.2,5.6,57.6,912.1,51.39,25970.0,0.0
59160,290.0,312.0,328.0,0.3,0.7,1.0,5.6,57.3,912.0,51.39,25970.0,0.0
59220,289.0,307.0,330.0,1.0,1.4,1.8,5.5,57.6,912.0,51.39,25970.0,0.0
59280,285.0,316.0,326.0,0.7,1.7,2.3,5.5,57.7,912.0,51.39,25970.0,0.0
59340,310.0,319.0,328.0,0.9,2.0,2.7,5.5,58.2,912.0,51.39,25970.0,0.0
59400,314.0,320.0,326.0,0.9,1.8,2.3,5.5,58.6,912.0,51.39,25970.0,0.0
59460,313.0,322.0,329.0,1.2,1.8,2.4,5.4,58.6,912.0,51.39,25970.0,0.0
59520,309.0,320.0,330.0,1.2,2.0,2.6,5.4,59.2,912.0,51.39,25970.0,0.0
59580,280.0,307.0,324.0,0.6,1.2,1.9,5.3,59.4,912.0,51.39,25970.0,0.0
59640,307.0,323.0,335.0,1.9,2.6,3.1,5.3,59.7,912.0,51.39,25970.0,0.0
59700,290.0,314.0,326.0,0.9,1.5,2.3,5.2,60.4,912.1,51.39,25970.0,0.0
59760,299.0,316.0,328.0,0.7,1.4,2.4,5.2,61.0,912.1,51.39,25970.0,0.0
59820,293.0,317.0,330.0,1.3,1.9,2.4,5.1,61.2,912.1,51.39,25970.0,0.0
59880,305.0,319.0,328.0,0.7,1.1,1.7,5.1,61.9,912.1,51.39,25970.0,0.0
59940,296.0,316.0,335.0,0.8,1.3,1.9,5.0,62.3,912.1,51.39,25970.0,0.0
60000,311.0,323.0,329.0,0.5,1.1,1.4,5.0,62.7,912.1,51.39,25970.0,0.0
60060,287.0,302.0,323.0,1.3,1.8,2.4,5.0,63.2,912.1,51.39,25970.0,0.0
60120,294.0,315.0,329.0,0.5,0.7,0.9,4.9,63.7,912.1,51.39,25970.0,0.0
60180,316.0,323.0,330.0,1.6,2.3,3.0,4.9,64.1,912.1,51.39,25970.0,0.0
60240,305.0,330.0,108.0,0.9,1.7,2.5,4.8,64.3,912.1,51.39,25970.0,0.0
60300,312.0,322.0,330.0,1.2,1.5,1.9,4.8,64.7,912.2,51.39,25970.0,0.0
60360,304.0,320.0,329.0,1.3,1.8,2.3,4.7,64.9,912.2,51.39,25970.0,0.0
60420,305.0,321.0,328.0,1.7,2.0,2.4,4.6,65.3,912.2,51.39,25970.0,0.0
60480,306.0,320.0,327.0,1.4,2.0,2.6,4.6,65.5,912.1,51.39,25970.0,0.0
60540,312.0,323.0,333.0,1.3,2.3,2.8,4.5,65.9,912.1,51.39,25970.0,0.0
60600,318.0,324.0,329.0,1.8,2.4,2.8,4.4,66.1,912.1,51.39,25970.0,0.0
60660,323.0,327.0,330.0,2.7,3.0,3.5,4.4,66.3,912.1,51.39,25970.0,0.0
60720,304.0,319.0,330.0,1.9,2.5,3.0,4.4,66.6,912.1,51.39,25970.0,0.0
60780,319.0,326.0,330.0,2.8,3.1,3.5,4.4,66.9,912.1,51.39,25970.0,0.0
60840,311.0,321.0,326.0,2.4,3.3,3.9,4.3,67.1,912.1,51.39,25970.0,0.0
60900,310.0,322.0,351.0,1.5,2.4,3.4,4.3,67.5,912.1,51.39,25970.0,0.0
60960,296.0,319.0,344.0,0.6,2.6,4.2,4.3,67.6,912.1,51.39,25970.0,0.0
61020,307.0,323.0,330.0,2.6,3.7,4.4,4.3,67.6,912.1,51.39,25970.0,0.0
61080,316.0,325.0,330.0,2.1,2.8,3.3,4.2,67.8,912.1,51.39,25970.0,0.0
61140,316.0,325.0,330.0,2.1,2.8,3.3,4.2,67.6,912.1,51.39,25970.0,0.0
61200,316.0,325.0,330.0,2.1,2.8,3.3,4.3,67.8,912.1,51.39,25970.0,0.0
61260,316.0,325.0,330.0,2.1,2.8,3.3,4.2,68.0,912.1,51.39,25970.0,0.0
61320,316.0,325.0,330.0,2.1,2.8,3.3,4.2,68.3,912.1,51.39,25970.0,0.0
61380,316.0,325.0,330.0,2.1,2.8,3.3,4.2,68.4,912.1,51.39,25970.0,0.0
61440,316.0,325.0,330.0,2.1,2.8,3.3,4.2,68.7,912.1,51.39,25970.0,0.0
61500,316.0,325.0,330.0,2.1,2.8,3.3,4.1,68.9,912.1,51.39,25970.0,0.0
61560,316.0,325.0,330.0,2.1,2.8,3.3,4.1,69.1,912.1,51.39,25970.0,0.0
61620,316.0,325.0,330.0,2.1,2.8,3.3,4.1,69.3,912.1,51.39,25970.0,0.0
61680,316.0,325.0,330.0,2.1,2.8,3.3,4.1,69.3,912.1,51.39,25970.0,0.0
61740,316.0,325.0,330.0,2.1,2.8,3.3,4.1,69.4,912.2,51.39,25970.0,0.0
61800,316.0,325.0,330.0,2.1,2.8,3.3,4.1,69.5,912.2,51.39,25970.0,0.0
61860,316.0,325.0,330.0,2.1,2.8,3.3,4.1,69.3,912.2,51.39,25970.0,0.0
61920,316.0,325.0,330.0,2.1,2.8,3.3,4.1,69.2,912.2,51.39,25970.0,0.0
61980,316.0,325.0,330.0,2.1,2.8,3.3,4.1,69.3,912.2,51.39,25970.0,0.0
62040,316.0,325.0,330.0,2.1,2.8,3.3,4.1,69.2,912.1,51.39,25970.0,0.0
62100,316.0,325.0,330.0,2.1,2.8,3.3,4.1,69.2,912.1,51.39,25970.0,0.0
62160,316.0,325.0,330.0,2.1,2.8,3.3,4.1,69.3,912.1,51.39,25970.0,0.0
62220,316.0,325.0,330.0,2.1,2.8,3.3,4.1,69.2,912.2,51.39,25970.0,0.0
62280,316.0,325.0,330.0,2.1,2.8,3.3,4.1,69.0,912.2,51.39,25970.0,0.0
62340,316.0,325.0,330.0,2.1,2.8,3.3,4.1,69.0,912.2,51.39,25970.0,0.0
62400,316.0,325.0,330.0,2.1,2.8,3.3,4.1,69.0,912.2,51.39,25970.0,0.0
62460,316.0,325.0,330.0,2.1,2.8,3.3,4.1,69.3,912.2,51.39,25970.0,0.0
62520,316.0,325.0,330.0,2.1,2.8,3.3,4.0,69.7,912.3,51.39,25970.0,0.0
62580,316.0,325.0,330.0,2.1,2.8,3.3,4.0,69.8,912.3,51.39,25970.0,0.0
62640,316.0,325.0,330.0,2.1,2.8,3.3,4.0,69.9,912.3,51.39,25970.0,0.0
62700,316.0,325.0,330.0,2.1,2.8,3.3,4.0,69.9,912.3,51.39,25970.0,0.0
62760,316.0,325.0,330.0,2.1,2.8,3.3,4.0,69.9,912.3,51.39,25970.0,0.0
62820,316.0,325.0,330.0,2.1,2.8,3.3,4.0,69.9,912.4,51.39,25970.0,0.0
62880,316.0,325.0,330.0,2.1,2.8,3.3,4.0,70.0,912.4,51.39,25970.0,0.0
62940,316.0,325.0,330.0,2.1,2.8,3.3,3.9,70.4,912.4,51.39,25970.0,0.0
63000,316.0,325.0,330.0,2.1,2.8,3.3,3.8,70.9,912.4,51.39,25970.0,0.0
63060,316.0,325.0,330.0,2.1,2.8,3.3,3.8,71.1,912.4,51.39,25970.0,0.0
63120,316.0,325.0,330.0,2.1,2.8,3.3,3.8,71.0,912.4,51.39,25970.0,0.0
63180,316.0,325.0,330.0,2.1,2.8,3.3,3.8,70.8,912.4,51.39,25970.0,0.0
63240,316.0,325.0,330.0,2.1,2.8,3.3,3.8,71.0,912.3,51.39,25970.0,0.0
63300,316.0,325.0,330.0,2.1,2.8,3.3,3.7,71.5,912.3,51.39,25970.0,0.0
63360,316.0,325.0,330.0,2.1,2.8,3.3,3.7,71.8,912.3,51.39,25970.0,0.0
63420,316.0,325.0,330.0,2.1,2.8,3.3,3.7,71.9,912.3,51.39,25970.0,0.0
63480,316.0,325.0,330.0,2.1,2.8,3.3,3.7,72.0,912.3,51.39,25970.0,0.0
63540,316.0,325.0,330.0,2.1,2.8,3.3,3.7,71.9,912.3,51.39,25970.0,0.0
63600,316.0,325.0,330.0,2.1,2.8,3.3,3.8,71.4,912.3,51.39,25970.0,0.0
63660,316.0,325.0,330.0,2.1,2.8,3.3,3.9,70.9,912.4,51.39,25970.0,0.0
63720,316.0,325.0,330.0,2.1,2.8,3.3,3.9,70.6,912.3,51.39,25970.0,0.0
63780,316.0,325.0,330.0,2.1,2.8,3.3,4.0,70.4,912.3,51.39,25970.0,0.0
63840,316.0,325.0,330.0,2.1,2.8,3.3,4.0,70.3,912.3,51.39,25970.0,0.0
63900,316.0,325.0,330.0,2.1,2.8,3.3,4.0,70.0,912.4,51.39,25970.0,0.0
63960,316.0,325.0,330.0,2.1,2.8,3.3,4.1,69.8,912.4,51.39,25970.0,0.0
64020,316.0,325.0,330.0,2.1,2.8,3.3,4.1,69.5,912.4,51.39,25970.0,0.0
64080,316.0,325.0,330.0,2.1,2.8,3.3,4.1,69.5,912.4,51.39,25970.0,0.0
64140,316.0,325.0,330.0,2.1,2.8,3.3,4.1,69.5,912.5,51.39,25970.0,0.0
64200,316.0,325.0,330.0,2.1,2.8,3.3,4.1,69.7,912.4,51.39,25970.0,0.0
64260,316.0,325.0,330.0,2.1,2.8,3.3,4.0,69.7,912.4,51.39,25970.0,0.0
64320,316.0,325.0,330.0,2.1,2.8,3.3,4.0,69.7,912.4,51.39,25970.0,0.0
64380,316.0,325.0,330.0,2.1,2.8,3.3,4.0,69.7,912.4,51.39,25970.0,0.0
64440,316.0,325.0,330.0,2.1,2.8,3.3,4.0,69.9,912.4,51.39,25970.0,0.0
64500,316.0,325.0,330.0,2.1,2.8,3.3,4.0,69.7,912.4,51.39,25970.0,0.0
64560,316.0,325.0,330.0,2.1,2.8,3.3,4.0,69.4,912.5,51.39,25970.0,0.0
64620,316.0,325.0,330.0,2.1,2.8,3.3,4.0,69.2,912.5,51.39,25970.0,0.0
64680,316.0,325.0,330.0,2.1,2.8,3.3,4.0,68.8,912.5,51.39,25970.0,0.0
64740,316.0,325.0,330.0,2.1,2.8,3.3,4.0,68.6,912.5,51.39,25970.0,0.0
64800,321.0,326.0,329.0,0.5,0.6,0.8,4.0,69.4,912.5,51.39,25970.0,0.0
64860,321.0,326.0,329.0,0.5,0.6,0.8,4.0,69.6,912.6,51.39,25970.0,0.0
64920,321.0,326.0,329.0,0.5,0.6,0.8,3.9,70.0,912.6,51.39,25970.0,0.0
64980,321.0,326.0,329.0,0.5,0.6,0.8,3.9,70.2,912.6,51.39,25970.0,0.0
65040,321.0,326.0,329.0,0.5,0.6,0.8,3.8,70.5,912.6,51.39,25970.0,0.0
65100,321.0,326.0,329.0,0.5,0.6,0.8,3.8,70.5,912.6,51.39,25970.0,0.0
65160,321.0,326.0,329.0,0.5,0.6,0.8,3.8,70.2,912.6,51.39,25970.0,0.0
65220,321.0,326.0,329.0,0.5,0.6,0.8,3.7,70.1,912.6,51.39,25970.0,0.0
65280,321.0,326.0,329.0,0.5,0.6,0.8,3.7,70.9,912.6,51.39,25970.0,0.0
65340,321.0,326.0,329.0,0.5,0.6,0.8,3.7,71.8,912.6,51.39,25970.0,0.0
65400,321.0,326.0,329.0,0.5,0.6,0.8,3.6,72.4,912.6,51.39,25970.0,0.0
65460,321.0,326.0,329.0,0.5,0.6,0.8,3.6,72.4,912.6,51.39,25970.0,0.0
65520,321.0,326.0,329.0,0.5,0.6,0.8,3.6,72.4,912.6,51.39,25970.0,0.0
65580,321.0,326.0,329.0,0.5,0.6,0.8,3.5,72.1,912.6,51.39,25970.0,0.0
65640,321.0,326.0,329.0,0.5,0.6,0.8,3.5,71.0,912.6,51.39,25970.0,0.0
65700,321.0,326.0,329.0,0.5,0.6,0.8,3.5,70.5,912.6,51.39,25970.0,0.0
65760,321.0,326.0,329.0,0.5,0.6,0.8,3.5,70.3,912.6,51.39,25970.0,0.0
65820,321.0,326.0,329.0,0.5,0.6,0.8,3.6,69.9,912.6,51.39,25970.0,0.0
65880,321.0,326.0,329.0,0.5,0.6,0.8,3.7,69.5,912.6,51.39,25970.0,0.0
65940,321.0,326.0,329.0,0.5,0.6,0.8,3.7,69.3,912.6,51.39,25970.0,0.0
66000,321.0,326.0,329.0,0.5,0.6,0.8,3.7,68.6,912.6,51.39,25970.0,0.0
66060,321.0,326.0,329.0,0.5,0.6,0.8,3.8,67.9,912.6,51.39,25970.0,0.0
66120,321.0,326.0,329.0,0.5,0.6,0.8,3.9,67.2,912.6,51.39,25970.0,0.0
66180,321.0,326.0,329.0,0.5,0.6,0.8,3.9,67.0,912.6,51.39,25970.0,0.0
66240,321.0,326.0,329.0,0.5,0.6,0.8,4.0,66.4,912.6,51.39,25970.0,0.0
66300,321.0,326.0,329.0,0.5,0.6,0.8,4.1,66.0,912.6,51.39,25970.0,0.0
66360,321.0,326.0,329.0,0.5,0.6,0.8,4.1,65.9,912.6,51.39,25970.0,0.0
66420,321.0,326.0,329.0,0.5,0.6,0.8,4.1,65.4,912.6,51.39,25970.0,0.0
66480,321.0,326.0,329.0,0.5,0.6,0.8,4.1,65.1,912.6,51.39,25970.0,0.0
66540,321.0,326.0,329.0,0.5,0.6,0.8,4.2,64.8,912.6,51.39,25970.0,0.0
66600,321.0,326.0,329.0,0.5,0.6,0.8,4.2,64.5,912.6,51.39,25970.0,0.0
66660,321.0,326.0,329.0,0.5,0.6,0.8,4.2,64.6,912.6,51.39,25970.0,0.0
66720,321.0,326.0,329.0,0.5,0.6,0.8,4.2,64.8,912.6,51.39,25970.0,0.0
66780,321.0,326.0,329.0,0.5,0.6,0.8,4.3,64.3,912.6,51.39,25970.0,0.0
66840,321.0,326.0,329.0,0.5,0.6,0.8,4.3,64.2,912.6,51.39,25970.0,0.0
66900,321.0,326.0,329.0,0.5,0.6,0.8,4.4,63.9,912.6,51.39,25970.0,0.0
66960,321.0,326.0,329.0,0.5,0.6,0.8,4.4,63.7,912.6,51.39,25970.0,0.0
67020,321.0,326.0,329.0,0.5,0.6,0.8,4.4,63.9,912.6,51.39,25970.0,0.0
67080,321.0,326.0,329.0,0.5,0.6,0.8,4.4,63.9,912.6,51.39,25970.0,0.0
67140,321.0,326.0,329.0,0.5,0.6,0.8,4.3,63.7,912.6,51.39,25970.0,0.0
67200,321.0,326.0,329.0,0.5,0.6,0.8,4.3,63.8,912.6,51.39,25970.0,0.0
67260,321.0,326.0,329.0,0.5,0.6,0.8,4.3,64.0,912.6,51.39,25970.0,0.0
67320,321.0,326.0,329.0,0.5,0.6,0.8,4.3,64.2,912.6,51.39,25970.0,0.0
67380,321.0,326.0,329.0,0.5,0.6,0.8,4.2,64.4,912.6,51.39,25970.0,0.0
67440,321.0,326.0,329.0,0.5,0.6,0.8,4.2,64.5,912.6,51.39,25970.0,0.0
67500,315.0,322.0,328.0,0.3,0.5,0.7,4.2,64.8,912.6,51.39,25970.0,0.0
67560,315.0,322.0,328.0,0.3,0.5,0.7,4.2,64.9,912.6,51.39,25970.0,0.0
67620,315.0,322.0,328.0,0.3,0.5,0.7,4.2,64.9,912.6,51.39,25970.0,0.0
67680,315.0,322.0,328.0,0.3,0.5,0.7,4.2,65.1,912.6,51.39,25970.0,0.0
67740,116.0,124.0,131.0,0.6,0.7,0.9,4.2,65.8,912.6,51.39,25970.0,0.0
67800,126.0,128.0,132.0,0.9,1.1,1.2,4.1,67.0,912.6,51.39,25970.0,0.0
67860,92.0,102.0,111.0,0.7,0.9,1.0,4.0,67.6,912.6,51.39,25970.0,0.0
67920,90.0,94.0,97.0,0.7,0.8,0.9,3.9,67.7,912.6,51.39,25970.0,0.0
67980,90.0,94.0,97.0,0.7,0.8,0.9,3.8,68.0,912.6,51.39,25970.0,0.0
68040,90.0,94.0,97.0,0.7,0.8,0.9,3.7,67.9,912.5,51.39,25970.0,0.0
68100,96.0,100.0,106.0,1.3,1.5,1.6,3.8,67.5,912.6,51.39,25970.0,0.0
68160,90.0,97.0,105.0,1.0,1.1,1.2,3.9,67.3,912.6,51.39,25970.0,0.0
68220,90.0,95.0,98.0,1.0,1.1,1.2,3.9,67.2,912.6,51.39,25970.0,0.0
68280,91.0,98.0,104.0,0.7,0.9,1.1,3.9,67.4,912.6,51.39,25970.0,0.0
68340,93.0,96.0,98.0,0.9,1.0,1.1,3.9,67.4,912.6,51.39,25970.0,0.0
68400,93.0,95.0,97.0,1.1,1.3,1.4,3.9,67.3,912.6,51.39,25970.0,0.0
68460,93.0,94.0,98.0,1.1,1.2,1.4,3.9,67.7,912.6,51.39,25970.0,0.0
68520,93.0,94.0,98.0,1.1,1.2,1.4,3.8,67.3,912.6,51.39,25970.0,0.0
68580,93.0,94.0,98.0,1.1,1.2,1.4,3.9,67.0,912.7,51.39,25970.0,0.0
68640,93.0,94.0,98.0,1.1,1.2,1.4,3.9,66.5,912.7,51.39,25970.0,0.0
68700,93.0,94.0,98.0,1.1,1.2,1.4,4.0,66.3,912.7,51.39,25970.0,0.0
68760,93.0,94.0,98.0,1.1,1.2,1.4,4.1,66.1,912.7,51.39,25970.0,0.0
68820,93.0,94.0,98.0,1.1,1.2,1.4,4.1,65.9,912.7,51.39,25970.0,0.0
68880,93.0,94.0,98.0,1.1,1.2,1.4,4.1,65.9,912.7,51.39,25970.0,0.0
68940,93.0,94.0,98.0,1.1,1.2,1.4,4.1,65.8,912.7,51.39,25970.0,0.0
69000,93.0,94.0,98.0,1.1,1.2,1.4,4.1,65.8,912.7,51.39,25970.0,0.0
69060,93.0,94.0,98.0,1.1,1.2,1.4,4.1,65.7,912.7,51.39,25970.0,0.0
69120,93.0,94.0,98.0,1.1,1.2,1.4,4.1,65.6,912.8,51.39,25970.0,0.0
69180,93.0,94.0,98.0,1.1,1.2,1.4,4.1,65.4,912.8,51.39,25970.0,0.0
69240,93.0,94.0,98.0,1.1,1.2,1.4,4.0,65.2,912.8,51.39,25970.0,0.0
69300,93.0,94.0,98.0,1.1,1.2,1.4,4.0,65.1,912.8,51.39,25970.0,0.0
69360,93.0,94.0,98.0,1.1,1.2,1.4,4.0,65.6,912.8,51.39,25970.0,0.0
69420,93.0,94.0,98.0,1.1,1.2,1.4,4.1,65.6,912.8,51.39,25970.0,0.0
69480,93.0,94.0,98.0,1.1,1.2,1.4,4.2,65.4,912.8,51.39,25970.0,0.0
69540,93.0,94.0,98.0,1.1,1.2,1.4,4.2,64.8,912.8,51.39,25970.0,0.0
69600,93.0,94.0,98.0,1.1,1.2,1.4,4.2,64.5,912.8,51.39,25970.0,0.0
69660,93.0,94.0,98.0,1.1,1.2,1.4,4.2,64.4,912.8,51.39,25970.0,0.0
69720,93.0,94.0,98.0,1.1,1.2,1.4,4.2,64.4,912.8,51.39,25970.0,0.0
69780,93.0,94.0,98.0,1.1,1.2,1.4,4.2,64.4,912.8,51.39,25970.0,0.0
69840,93.0,94.0,98.0,1.1,1.2,1.4,4.1,64.4,912.8,51.39,25970.0,0.0
69900,93.0,94.0,98.0,1.1,1.2,1.4,4.1,64.2,912.8,51.39,25970.0,0.0
69960,93.0,94.0,98.0,1.1,1.2,1.4,4.1,64.2,912.8,51.39,25970.0,0.0
70020,93.0,94.0,98.0,1.1,1.2,1.4,4.1,64.3,912.8,51.39,25970.0,0.0
70080,93.0,94.0,98.0,1.1,1.2,1.4,4.1,64.2,912.8,51.39,25970.0,0.0
70140,93.0,94.0,98.0,1.1,1.2,1.4,4.2,64.1,912.8,51.39,25970.0,0.0
70200,93.0,94.0,98.0,1.1,1.2,1.4,4.2,63.8,912.8,51.39,25970.0,0.0
70260,93.0,94.0,98.0,1.1,1.2,1.4,4.2,63.2,912.8,51.39,25970.0,0.0
70320,93.0,94.0,98.0,1.1,1.2,1.4,4.2,63.1,912.8,51.39,25970.0,0.0
70380,93.0,94.0,98.0,1.1,1.2,1.4,4.2,63.0,912.8,51.39,25970.0,0.0
70440,93.0,94.0,98.0,1.1,1.2,1.4,4.2,63.1,912.8,51.39,25970.0,0.0
70500,93.0,94.0,98.0,1.1,1.2,1.4,4.2,63.1,912.8,51.39,25970.0,0.0
70560,93.0,94.0,98.0,1.1,1.2,1.4,4.1,62.9,912.8,51.39,25970.0,0.0
70620,93.0,94.0,98.0,1.1,1.2,1.4,4.1,62.9,912.8,51.39,25970.0,0.0
70680,93.0,94.0,98.0,1.1,1.2,1.4,4.1,62.8,912.8,51.39,25970.0,0.0
70740,93.0,94.0,98.0,1.1,1.2,1.4,4.1,62.5,912.8,51.39,25970.0,0.0
70800,93.0,94.0,98.0,1.1,1.2,1.4,4.2,62.3,912.8,51.39,25970.0,0.0
70860,93.0,94.0,98.0,1.1,1.2,1.4,4.2,62.3,912.8,51.39,25970.0,0.0
70920,93.0,94.0,98.0,1.1,1.2,1.4,4.2,62.4,912.9,51.39,25970.0,0.0
70980,93.0,94.0,98.0,1.1,1.2,1.4,4.1,62.6,912.9,51.39,25970.0,0.0
71040,282.0,316.0,329.0,0.4,1.0,1.4,4.1,62.7,912.9,51.39,25970.0,0.0
71100,305.0,318.0,327.0,0.9,1.5,1.9,4.0,62.9,912.9,51.39,25970.0,0.0
71160,292.0,356.0,134.0,0.2,0.4,0.8,4.0,63.3,912.9,51.39,25970.0,0.0
71220,292.0,321.0,330.0,0.9,1.4,1.6,3.9,63.3,912.9,51.39,25970.0,0.0
71280,319.0,325.0,330.0,1.1,1.3,1.5,3.9,63.5,912.9,51.39,25970.0,0.0
71340,319.0,325.0,330.0,1.1,1.3,1.5,3.9,63.5,912.9,51.39,25970.0,0.0
71400,319.0,325.0,330.0,1.1,1.3,1.5,3.9,63.5,912.9,51.39,25970.0,0.0
71460,301.0,318.0,330.0,0.6,1.0,1.4,3.9,63.6,912.9,51.39,25970.0,0.0
71520,321.0,327.0,331.0,1.4,1.6,1.7,4.0,63.5,913.0,51.39,25970.0,0.0
71580,321.0,327.0,331.0,1.4,1.6,1.7,3.9,63.5,912.9,51.39,25970.0,0.0
71640,321.0,327.0,331.0,1.4,1.6,1.7,3.9,63.6,912.9,51.39,25970.0,0.0
71700,321.0,327.0,331.0,1.4,1.6,1.7,3.9,63.9,912.9,51.39,25970.0,0.0
71760,234.0,307.0,328.0,0.5,0.7,1.2,3.9,64.0,912.9,51.39,25970.0,0.0
71820,302.0,320.0,355.0,0.2,0.7,1.0,3.8,64.1,912.9,51.39,25970.0,0.0
71880,297.0,318.0,20.0,0.3,0.8,1.1,3.8,64.4,912.9,51.39,25970.0,0.0
71940,299.0,341.0,117.0,0.1,0.3,0.6,3.8,64.7,912.9,51.39,25970.0,0.0
72000,293.0,306.0,321.0,0.8,1.1,1.4,3.7,65.2,912.9,51.39,25970.0,0.0
72060,306.0,319.0,359.0,0.2,0.5,0.7,3.7,65.2,912.9,51.39,25970.0,0.0
72120,288.0,337.0,105.0,0.3,0.7,1.1,3.7,65.4,913.0,51.39,25970.0,0.0
72180,297.0,314.0,326.0,0.2,0.6,0.9,3.7,65.7,912.9,51.39,25970.0,0.0
72240,292.0,323.0,25.0,0.2,0.5,1.0,3.7,65.9,913.0,51.39,25970.0,0.0
72300,295.0,327.0,35.0,0.2,0.7,1.1,3.6,65.9,913.0,51.39,25970.0,0.0
72360,264.0,318.0,90.0,0.3,0.6,0.7,3.6,66.2,913.0,51.39,25970.0,0.0
72420,282.0,20.0,123.0,0.1,0.4,0.9,3.6,66.8,913.0,51.39,25970.0,0.0
72480,282.0,349.0,110.0,0.1,0.4,0.9,3.5,67.1,913.0,51.39,25970.0,0.0
72540,282.0,349.0,110.0,0.1,0.4,0.9,3.5,67.8,913.0,51.39,25970.0,0.0
72600,312.0,318.0,326.0,0.7,0.8,1.0,3.5,68.2,913.0,51.39,25970.0,0.0
72660,312.0,316.0,322.0,0.2,0.5,1.0,3.4,68.7,913.0,51.39,25970.0,0.0
72720,112.0,248.0,318.0,0.2,0.3,0.5,3.4,69.1,913.0,51.39,25970.0,0.0
72780,295.0,349.0,90.0,0.4,0.7,1.0,3.4,69.4,913.0,51.39,25970.0,0.0
72840,304.0,349.0,91.0,0.4,1.0,1.5,3.4,69.6,913.0,51.39,25970.0,0.0
72900,304.0,349.0,91.0,0.4,1.0,1.5,3.4,69.9,913.0,51.39,25970.0,0.0
72960,304.0,349.0,91.0,0.4,1.0,1.5,3.4,70.2,913.0,51.39,25970.0,0.0
73020,304.0,349.0,91.0,0.4,1.0,1.5,3.4,70.3,913.0,51.39,25970.0,0.0
73080,304.0,349.0,91.0,0.4,1.0,1.5,3.4,70.2,913.0,51.39,25970.0,0.0
73140,304.0,349.0,91.0,0.4,1.0,1.5,3.5,70.3,913.0,51.39,25970.0,0.0
73200,304.0,349.0,91.0,0.4,1.0,1.5,3.5,70.3,913.0,51.39,25970.0,0.0
73260,304.0,349.0,91.0,0.4,1.0,1.5,3.6,70.2,913.0,51.39,25970.0,0.0
73320,304.0,349.0,91.0,0.4,1.0,1.5,3.7,70.3,913.0,51.39,25970.0,0.0
73380,304.0,349.0,91.0,0.4,1.0,1.5,3.7,70.1,913.0,51.39,25970.0,0.0
73440,304.0,349.0,91.0,0.4,1.0,1.5,3.8,69.6,913.0,51.39,25970.0,0.0
73500,304.0,349.0,91.0,0.4,1.0,1.5,3.8,69.5,913.0,51.39,25970.0,0.0
73560,304.0,349.0,91.0,0.4,1.0,1.5,3.8,69.4,913.1,51.39,25970.0,0.0
73620,304.0,349.0,91.0,0.4,1.0,1.5,3.8,69.4,913.1,51.39,25970.0,0.0
73680,304.0,349.0,91.0,0.4,1.0,1.5,3.8,69.3,913.1,51.39,25970.0,0.0
73740,304.0,349.0,91.0,0.4,1.0,1.5,3.8,69.1,913.1,51.39,25970.0,0.0
73800,304.0,349.0,91.0,0.4,1.0,1.5,3.9,68.7,913.1,51.39,25970.0,0.0
73860,304.0,349.0,91.0,0.4,1.0,1.5,3.9,68.2,913.1,51.39,25970.0,0.0
73920,304.0,349.0,91.0,0.4,1.0,1.5,3.9,66.9,913.1,51.39,25970.0,0.0
73980,304.0,349.0,91.0,0.4,1.0,1.5,3.9,64.8,913.1,51.39,25970.0,0.0
74040,304.0,349.0,91.0,0.4,1.0,1.5,3.9,64.2,913.1,51.39,25970.0,0.0
74100,304.0,349.0,91.0,0.4,1.0,1.5,3.9,63.6,913.1,51.39,25970.0,0.0
74160,304.0,349.0,91.0,0.4,1.0,1.5,3.9,63.5,913.1,51.39,25970.0,0.0
74220,304.0,349.0,91.0,0.4,1.0,1.5,3.9,63.2,913.1,51.39,25970.0,0.0
74280,304.0,349.0,91.0,0.4,1.0,1.5,3.9,63.2,913.1,51.39,25970.0,0.0
74340,304.0,349.0,91.0,0.4,1.0,1.5,3.9,63.2,913.1,51.39,25970.0,0.0
74400,304.0,349.0,91.0,0.4,1.0,1.5,3.9,63.0,913.1,51.39,25970.0,0.0
74460,304.0,349.0,91.0,0.4,1.0,1.5,3.9,63.3,913.1,51.39,25970.0,0.0
74520,304.0,349.0,91.0,0.4,1.0,1.5,3.9,63.0,913.1,51.39,25970.0,0.0
74580,304.0,349.0,91.0,0.4,1.0,1.5,4.0,63.0,913.1,51.39,25970.0,0.0
74640,304.0,349.0,91.0,0.4,1.0,1.5,4.0,63.4,913.1,51.39,25970.0,0.0
74700,304.0,349.0,91.0,0.4,1.0,1.5,4.0,63.8,913.1,51.39,25970.0,0.0
74760,304.0,349.0,91.0,0.4,1.0,1.5,4.0,64.2,913.1,51.39,25970.0,0.0
74820,304.0,349.0,91.0,0.4,1.0,1.5,4.0,64.6,913.1,51.39,25970.0,0.0
74880,304.0,349.0,91.0,0.4,1.0,1.5,4.0,64.7,913.1,51.39,25970.0,0.0
74940,304.0,349.0,91.0,0.4,1.0,1.5,4.0,64.8,913.0,51.39,25970.0,0.0
75000,304.0,349.0,91.0,0.4,1.0,1.5,4.0,65.1,913.0,51.39,25970.0,0.0
75060,304.0,349.0,91.0,0.4,1.0,1.5,4.0,65.4,913.0,51.39,25970.0,0.0
75120,304.0,349.0,91.0,0.4,1.0,1.5,4.0,65.6,913.0,51.39,25970.0,0.0
75180,304.0,349.0,91.0,0.4,1.0,1.5,4.0,65.5,913.0,51.39,25970.0,0.0
75240,304.0,349.0,91.0,0.4,1.0,1.5,4.0,65.6,913.1,51.39,25970.0,0.0
75300,304.0,349.0,91.0,0.4,1.0,1.5,4.0,65.8,913.1,51.39,25970.0,0.0
75360,304.0,349.0,91.0,0.4,1.0,1.5,4.0,65.9,913.1,51.39,25970.0,0.0
75420,304.0,349.0,91.0,0.4,1.0,1.5,3.9,65.9,913.1,51.39,25970.0,0.0
75480,304.0,349.0,91.0,0.4,1.0,1.5,3.9,66.1,913.1,51.39,25970.0,0.0
75540,304.0,349.0,91.0,0.4,1.0,1.5,3.9,66.2,913.1,51.39,25970.0,0.0
75600,304.0,349.0,91.0,0.4,1.0,1.5,3.9,66.3,913.1,51.39,25970.0,0.0
75660,304.0,349.0,91.0,0.4,1.0,1.5,3.9,66.4,913.1,51.39,25970.0,0.0
75720,304.0,349.0,91.0,0.4,1.0,1.5,3.9,66.5,913.1,51.39,25970.0,0.0
75780,304.0,349.0,91.0,0.4,1.0,1.5,3.9,66.6,913.1,51.39,25970.0,0.0
75840,304.0,349.0,91.0,0.4,1.0,1.5,4.0,66.6,913.0,51.39,25970.0,0.0
75900,304.0,349.0,91.0,0.4,1.0,1.5,4.0,66.4,913.0,51.39,25970.0,0.0
75960,85.0,91.0,94.0,0.5,0.6,0.6,3.9,66.1,913.0,51.39,25970.0,0.0
76020,93.0,95.0,102.0,0.4,0.6,0.7,3.9,65.9,913.0,51.39,25970.0,0.0
76080,90.0,96.0,103.0,0.4,0.6,0.7,3.8,65.9,913.0,51.39,25970.0,0.0
76140,90.0,96.0,103.0,0.4,0.6,0.7,3.8,66.2,913.0,51.39,25970.0,0.0
76200,90.0,93.0,96.0,0.5,0.6,0.7,3.7,66.3,913.0,51.39,25970.0,0.0
76260,90.0,93.0,96.0,0.5,0.6,0.7,3.7,66.2,913.0,51.39,25970.0,0.0
76320,90.0,95.0,100.0,0.5,0.6,0.7,3.7,66.4,913.1,51.39,25970.0,0.0
76380,90.0,95.0,100.0,0.5,0.6,0.7,3.7,66.5,913.1,51.39,25970.0,0.0
76440,90.0,95.0,100.0,0.5,0.6,0.7,3.7,66.6,913.1,51.39,25970.0,0.0
76500,90.0,97.0,100.0,0.5,0.6,0.7,3.7,66.8,913.1,51.39,25970.0,0.0
76560,90.0,94.0,99.0,0.4,0.6,0.7,3.6,67.1,913.1,51.39,25970.0,0.0
76620,93.0,102.0,116.0,0.5,0.6,0.7,3.6,67.4,913.1,51.39,25970.0,0.0
76680,90.0,99.0,104.0,0.7,0.8,0.9,3.6,67.7,913.0,51.39,25970.0,0.0
76740,90.0,102.0,114.0,0.5,0.7,0.8,3.5,68.1,913.0,51.39,25970.0,0.0
76800,94.0,99.0,106.0,0.7,0.8,1.0,3.4,68.5,913.0,51.39,25970.0,0.0
76860,93.0,103.0,118.0,1.0,1.1,1.2,3.4,68.8,913.0,51.39,25970.0,0.0
76920,102.0,112.0,124.0,1.2,1.4,1.6,3.4,68.9,913.0,51.39,25970.0,0.0
76980,99.0,108.0,119.0,1.1,1.3,1.5,3.4,69.2,913.0,51.39,25970.0,0.0
77040,96.0,101.0,109.0,1.0,1.4,1.7,3.4,69.4,913.0,51.39,25970.0,0.0
77100,93.0,105.0,125.0,0.8,1.1,1.4,3.4,69.8,913.0,51.39,25970.0,0.0
77160,100.0,109.0,120.0,0.9,1.2,1.4,3.3,70.1,913.0,51.39,25970.0,0.0
77220,99.0,116.0,129.0,1.2,1.5,1.8,3.3,70.4,913.0,51.39,25970.0,0.0
77280,99.0,114.0,121.0,1.2,1.5,2.0,3.3,70.5,913.0,51.39,25970.0,0.0
77340,96.0,107.0,117.0,1.2,1.6,2.0,3.3,70.9,913.0,51.39,25970.0,0.0
77400,101.0,107.0,120.0,1.6,1.8,2.1,3.3,71.2,913.1,51.39,25970.0,0.0
77460,94.0,106.0,119.0,1.0,1.2,1.4,3.3,71.3,913.1,51.39,25970.0,0.0
77520,93.0,102.0,111.0,1.2,1.7,2.0,3.3,71.4,913.1,51.39,25970.0,0.0
77580,96.0,103.0,113.0,1.4,1.7,2.0,3.3,71.5,913.1,51.39,25970.0,0.0
77640,100.0,104.0,108.0,1.7,1.8,2.0,3.3,71.6,913.1,51.39,25970.0,0.0
77700,94.0,106.0,114.0,1.6,1.8,2.0,3.3,71.6,913.1,51.39,25970.0,0.0
77760,106.0,109.0,112.0,1.9,2.1,2.4,3.3,71.7,913.1,51.39,25970.0,0.0
77820,96.0,105.0,117.0,1.0,1.5,2.2,3.3,71.2,913.1,51.39,25970.0,0.0
77880,95.0,108.0,113.0,1.7,1.9,2.1,3.4,70.7,913.1,51.39,25970.0,0.0
77940,97.0,106.0,113.0,1.6,1.8,2.0,3.4,70.1,913.1,51.39,25970.0,0.0
78000,96.0,105.0,119.0,1.6,1.8,2.0,3.4,70.0,913.1,51.39,25970.0,0.0
78060,94.0,109.0,123.0,1.4,1.7,2.5,3.4,69.6,913.1,51.39,25970.0,0.0
78120,100.0,107.0,111.0,1.7,2.0,2.3,3.4,69.2,913.1,51.39,25970.0,0.0
78180,109.0,112.0,117.0,2.2,2.5,2.7,3.5,68.8,913.1,51.39,25970.0,0.0
78240,99.0,108.0,114.0,1.9,2.4,2.6,3.5,68.5,913.1,51.39,25970.0,0.0
78300,101.0,106.0,112.0,2.6,2.9,3.1,3.6,68.0,913.1,51.39,25970.0,0.0
78360,103.0,109.0,114.0,2.5,3.0,3.5,3.7,67.8,913.0,51.39,25970.0,0.0
78420,101.0,110.0,118.0,2.4,2.8,3.3,3.7,67.3,913.0,51.39,25970.0,0.0
78480,104.0,109.0,118.0,2.8,3.2,3.7,3.8,67.2,913.0,51.39,25970.0,0.0
78540,104.0,107.0,110.0,2.8,3.1,3.4,3.8,66.9,913.0,51.39,25970.0,0.0
78600,99.0,103.0,110.0,2.8,3.2,3.5,3.8,67.0,913.0,51.39,25970.0,0.0
78660,95.0,99.0,104.0,2.9,3.3,3.7,3.8,66.7,913.0,51.39,25970.0,0.0
78720,97.0,102.0,111.0,2.8,3.2,3.4,3.9,66.6,913.0,51.39,25970.0,0.0
78780,101.0,104.0,108.0,3.3,3.4,3.7,3.9,66.5,913.0,51.39,25970.0,0.0
78840,96.0,101.0,106.0,3.0,3.2,3.5,3.9,66.3,913.0,51.39,25970.0,0.0
78900,97.0,100.0,103.0,2.7,2.9,3.4,4.0,66.2,913.0,51.39,25970.0,0.0
78960,96.0,98.0,101.0,2.7,3.0,3.3,4.0,66.2,913.0,51.39,25970.0,0.0
79020,97.0,100.0,104.0,2.2,2.8,3.2,3.9,65.8,913.0,51.39,25970.0,0.0
79080,97.0,104.0,112.0,2.2,2.5,2.9,4.0,65.9,913.0,51.39,25970.0,0.0
79140,96.0,103.0,109.0,2.5,2.7,3.0,4.0,65.9,913.0,51.39,25970.0,0.0
79200,98.0,104.0,109.0,1.8,2.4,2.7,3.9,66.2,913.0,51.39,25970.0,0.0
79260,90.0,99.0,106.0,1.8,2.5,2.8,3.9,66.2,913.0,51.39,25970.0,0.0
79320,92.0,101.0,114.0,1.9,2.0,2.3,3.9,66.2,913.0,51.39,25970.0,0.0
79380,91.0,96.0,103.0,1.5,2.0,2.3,3.9,66.3,913.0,51.39,25970.0,0.0
79440,91.0,101.0,111.0,1.0,1.4,1.7,3.9,66.4,913.1,51.39,25970.0,0.0
79500,91.0,98.0,105.0,1.5,1.7,1.9,3.8,66.5,913.1,51.39,25970.0,0.0
79560,95.0,104.0,115.0,1.1,1.6,2.1,3.8,66.5,913.1,51.39,25970.0,0.0
79620,101.0,111.0,123.0,0.9,1.5,2.1,3.8,66.4,913.1,51.39,25970.0,0.0
79680,94.0,108.0,130.0,0.5,0.7,1.0,3.8,66.3,913.1,51.39,25970.0,0.0
79740,90.0,99.0,111.0,0.7,0.8,1.0,3.8,66.4,913.1,51.39,25970.0,0.0
79800,93.0,105.0,117.0,0.6,1.1,1.7,3.8,66.5,913.1,51.39,25970.0,0.0
79860,97.0,103.0,109.0,0.5,0.8,1.0,3.8,66.4,913.1,51.39,25970.0,0.0
79920,97.0,107.0,121.0,0.9,1.0,1.3,3.7,66.5,913.1,51.39,25970.0,0.0
79980,92.0,96.0,102.0,1.1,1.2,1.4,3.7,66.8,913.1,51.39,25970.0,0.0
80040,91.0,93.0,96.0,1.2,1.3,1.5,3.6,66.9,913.1,51.39,25970.0,0.0
80100,90.0,91.0,95.0,1.1,1.2,1.4,3.6,67.0,913.1,51.39,25970.0,0.0
80160,92.0,94.0,96.0,1.2,1.4,1.5,3.5,67.1,913.1,51.39,25970.0,0.0
80220,92.0,94.0,96.0,1.2,1.4,1.5,3.5,67.1,913.1,51.39,25970.0,0.0
80280,92.0,94.0,96.0,1.2,1.4,1.5,3.5,66.9,913.1,51.39,25970.0,0.0
80340,92.0,94.0,96.0,1.2,1.4,1.5,3.6,66.6,913.1,51.39,25970.0,0.0
80400,92.0,94.0,96.0,1.2,1.4,1.5,3.7,66.1,913.1,51.39,25970.0,0.0
80460,92.0,94.0,95.0,1.4,1.5,1.8,3.8,65.6,913.1,51.39,25970.0,0.0
80520,90.0,92.0,94.0,1.1,1.3,1.4,3.9,65.5,913.1,51.39,25970.0,0.0
80580,96.0,107.0,115.0,1.0,1.2,1.5,3.9,65.7,913.1,51.39,25970.0,0.0
80640,90.0,100.0,112.0,0.9,1.1,1.4,3.8,65.8,913.1,51.39,25970.0,0.0
80700,90.0,96.0,102.0,1.3,1.5,1.7,3.8,65.9,913.1,51.39,25970.0,0.0
80760,90.0,93.0,100.0,0.9,1.2,1.5,3.8,66.3,913.1,51.39,25970.0,0.0
80820,91.0,95.0,102.0,1.1,1.3,1.4,3.7,66.4,913.1,51.39,25970.0,0.0
80880,90.0,95.0,103.0,1.1,1.2,1.3,3.7,66.6,913.1,51.39,25970.0,0.0
80940,91.0,101.0,109.0,1.0,1.2,1.4,3.6,66.7,913.1,51.39,25970.0,0.0
81000,91.0,96.0,104.0,1.0,1.2,1.3,3.6,66.9,913.1,51.39,25970.0,0.0
81060,90.0,101.0,109.0,0.6,0.9,1.2,3.5,66.9,913.1,51.39,25970.0,0.0
81120,96.0,105.0,119.0,1.1,1.3,1.4,3.5,66.8,913.1,51.39,25970.0,0.0
81180,94.0,103.0,112.0,1.2,1.5,1.8,3.5,66.7,913.1,51.39,25970.0,0.0
81240,94.0,103.0,112.0,1.2,1.5,1.8,3.6,66.6,913.0,51.39,25970.0,0.0
81300,94.0,103.0,112.0,1.2,1.5,1.8,3.6,66.3,913.0,51.39,25970.0,0.0
81360,94.0,103.0,112.0,1.2,1.5,1.8,3.7,66.1,913.0,51.39,25970.0,0.0
81420,94.0,103.0,112.0,1.2,1.5,1.8,3.7,65.8,912.9,51.39,25970.0,0.0
81480,91.0,95.0,97.0,0.9,1.0,1.2,3.8,65.9,912.9,51.39,25970.0,0.0
81540,92.0,103.0,118.0,0.8,1.1,1.4,3.8,66.2,912.9,51.39,25970.0,0.0
81600,99.0,105.0,121.0,0.3,0.5,0.7,3.7,66.5,912.9,51.39,25970.0,0.0
81660,95.0,104.0,115.0,0.4,0.6,0.7,3.7,66.6,912.9,51.39,25970.0,0.0
81720,358.0,97.0,133.0,0.3,0.5,0.7,3.7,66.6,913.0,51.39,25970.0,0.0
81780,47.0,99.0,127.0,0.1,0.3,0.5,3.7,66.6,913.0,51.39,25970.0,0.0
81840,47.0,99.0,127.0,0.1,0.3,0.5,3.7,66.5,913.0,51.39,25970.0,0.0
81900,47.0,99.0,127.0,0.1,0.3,0.5,3.7,66.4,913.0,51.39,25970.0,0.0
81960,92.0,96.0,103.0,0.7,0.9,1.0,3.8,66.1,913.0,51.39,25970.0,0.0
82020,108.0,111.0,115.0,1.0,1.1,1.2,3.8,65.5,913.0,51.39,25970.0,0.0
82080,103.0,105.0,109.0,1.2,1.5,1.7,3.9,65.0,913.0,51.39,25970.0,0.0
82140,85.0,91.0,97.0,1.2,1.4,1.7,4.0,64.8,913.0,51.39,25970.0,0.0
82200,93.0,96.0,103.0,1.1,1.3,1.4,4.0,64.5,913.0,51.39,25970.0,0.0
82260,89.0,91.0,94.0,1.3,1.5,1.6,4.1,64.4,913.0,51.39,25970.0,0.0
82320,80.0,82.0,85.0,1.6,1.8,1.9,4.1,63.9,913.0,51.39,25970.0,0.0
82380,50.0,66.0,77.0,1.3,1.5,1.7,4.3,63.7,913.1,51.39,25970.0,0.0
82440,76.0,83.0,91.0,1.3,1.5,1.8,4.4,63.5,913.1,51.39,25970.0,0.0
82500,79.0,81.0,85.0,1.4,1.6,1.9,4.4,63.6,913.1,51.39,25970.0,0.0
82560,79.0,81.0,85.0,1.4,1.6,1.9,4.3,63.9,913.1,51.39,25970.0,0.0
82620,76.0,80.0,84.0,1.4,1.5,1.7,4.1,64.6,913.1,51.39,25970.0,0.0
82680,76.0,80.0,84.0,1.4,1.5,1.7,3.8,65.1,913.1,51.39,25970.0,0.0
82740,54.0,67.0,79.0,1.3,1.5,1.9,3.8,65.0,913.1,51.39,25970.0,0.0
82800,69.0,76.0,80.0,1.6,1.7,1.9,3.9,64.8,913.0,51.39,25970.0,0.0
82860,25.0,64.0,79.0,1.2,1.5,1.7,4.0,64.6,913.0,51.39,25970.0,0.0
82920,25.0,64.0,79.0,1.2,1.5,1.7,4.1,64.5,913.0,51.39,25970.0,0.0
82980,66.0,78.0,88.0,1.4,1.5,1.7,4.1,64.6,913.0,51.39,25970.0,0.0
83040,66.0,78.0,88.0,1.4,1.5,1.7,4.0,65.0,913.0,51.39,25970.0,0.0
83100,69.0,94.0,116.0,0.7,0.9,1.0,3.9,65.0,913.0,51.39,25970.0,0.0
83160,90.0,94.0,101.0,0.7,1.0,1.2,3.8,65.6,913.1,51.39,25970.0,0.0
83220,93.0,94.0,96.0,0.6,0.7,0.9,3.7,66.0,913.0,51.39,25970.0,0.0
83280,79.0,101.0,118.0,0.3,0.5,0.7,3.7,66.2,913.0,51.39,25970.0,0.0
83340,97.0,104.0,113.0,0.5,0.6,0.7,3.7,66.1,913.0,51.39,25970.0,0.0
83400,80.0,98.0,110.0,0.5,0.6,0.8,3.6,66.0,913.0,51.39,25970.0,0.0
83460,80.0,98.0,110.0,0.5,0.6,0.8,3.7,65.9,913.1,51.39,25970.0,0.0
83520,80.0,98.0,110.0,0.5,0.6,0.8,3.7,65.6,913.0,51.39,25970.0,0.0
83580,80.0,98.0,110.0,0.5,0.6,0.8,3.8,65.4,913.0,51.39,25970.0,0.0
83640,80.0,98.0,110.0,0.5,0.6,0.8,3.8,65.1,913.0,51.39,25970.0,0.0
83700,80.0,98.0,110.0,0.5,0.6,0.8,3.9,64.8,913.1,51.39,25970.0,0.0
83760,80.0,98.0,110.0,0.5,0.6,0.8,4.0,64.6,913.1,51.39,25970.0,0.0
83820,79.0,98.0,109.0,0.4,0.5,0.7,4.0,64.4,913.1,51.39,25970.0,0.0
83880,90.0,95.0,99.0,0.5,0.5,0.6,4.0,64.4,913.0,51.39,25970.0,0.0
83940,90.0,96.0,99.0,0.6,0.7,0.8,4.0,64.7,913.0,51.39,25970.0,0.0
84000,82.0,96.0,109.0,0.5,0.7,0.8,3.9,64.9,913.0,51.39,25970.0,0.0
84060,71.0,88.0,106.0,0.1,0.4,0.6,3.8,65.3,913.0,51.39,25970.0,0.0
84120,90.0,102.0,110.0,0.5,0.6,0.8,3.8,65.5,912.9,51.39,25970.0,0.0
84180,90.0,102.0,110.0,0.5,0.6,0.8,3.7,65.4,912.9,51.39,25970.0,0.0
84240,90.0,102.0,110.0,0.5,0.6,0.8,3.7,65.4,912.9,51.39,25970.0,0.0
84300,90.0,102.0,110.0,0.5,0.6,0.8,3.8,65.3,912.9,51.39,25970.0,0.0
84360,90.0,102.0,110.0,0.5,0.6,0.8,3.8,65.0,912.9,51.39,25970.0,0.0
84420,90.0,102.0,110.0,0.5,0.6,0.8,3.9,64.6,912.9,51.39,25970.0,0.0
84480,90.0,102.0,110.0,0.5,0.6,0.8,4.0,64.4,912.9,51.39,25970.0,0.0
84540,90.0,95.0,105.0,0.4,0.9,1.2,4.0,64.6,912.9,51.39,25970.0,0.0
84600,90.0,95.0,105.0,0.4,0.9,1.2,3.9,65.0,912.9,51.39,25970.0,0.0
84660,79.0,80.0,82.0,0.9,1.0,1.1,3.8,65.5,912.9,51.39,25970.0,0.0
84720,90.0,96.0,106.0,0.8,0.9,1.1,3.7,65.7,912.9,51.39,25970.0,0.0
84780,93.0,96.0,99.0,0.9,1.1,1.2,3.6,66.3,912.9,51.39,25970.0,0.0
84840,90.0,98.0,105.0,0.9,1.2,1.3,3.5,66.4,912.9,51.39,25970.0,0.0
84900,80.0,96.0,107.0,0.9,1.3,1.5,3.4,66.7,912.8,51.39,25970.0,0.0
84960,97.0,103.0,109.0,1.4,1.6,1.9,3.5,67.0,912.8,51.39,25970.0,0.0
85020,90.0,104.0,110.0,1.7,1.9,2.1,3.5,67.3,912.8,51.39,25970.0,0.0
85080,94.0,104.0,112.0,1.4,1.7,2.0,3.5,67.4,912.7,51.39,25970.0,0.0
85140,94.0,101.0,108.0,1.6,1.8,2.1,3.5,66.7,912.7,51.39,25970.0,0.0
85200,98.0,106.0,112.0,1.5,1.7,1.9,3.6,66.8,912.7,51.39,25970.0,0.0
85260,92.0,99.0,107.0,1.4,1.6,1.8,3.6,66.7,912.7,51.39,25970.0,0.0
85320,91.0,96.0,101.0,1.4,1.6,1.8,3.6,66.4,912.7,51.39,25970.0,0.0
85380,95.0,99.0,103.0,1.1,1.4,1.6,3.6,66.3,912.7,51.39,25970.0,0.0
85440,94.0,98.0,101.0,1.3,1.5,1.6,3.5,66.3,912.7,51.39,25970.0,0.0
85500,98.0,105.0,110.0,1.4,1.6,1.7,3.5,66.3,912.7,51.39,25970.0,0.0
85560,80.0,93.0,98.0,1.1,1.5,1.8,3.5,66.1,912.7,51.39,25970.0,0.0
85620,91.0,92.0,95.0,1.2,1.4,1.6,3.5,65.8,912.8,51.39,25970.0,0.0
85680,91.0,92.0,95.0,1.2,1.4,1.6,3.5,65.7,912.8,51.39,25970.0,0.0
85740,91.0,92.0,95.0,1.2,1.4,1.6,3.5,65.9,912.8,51.39,25970.0,0.0
85800,91.0,92.0,95.0,1.2,1.4,1.6,3.5,65.7,912.8,51.39,25970.0,0.0
85860,91.0,92.0,95.0,1.2,1.4,1.6,3.5,65.7,912.8,51.39,25970.0,0.0
85920,74.0,81.0,85.0,1.0,1.4,1.6,3.5,65.6,912.8,51.39,25970.0,0.0
85980,63.0,78.0,84.0,1.4,1.6,1.8,3.5,65.6,912.8,51.39,25970.0,0.0
86040,75.0,79.0,80.0,1.4,1.6,1.8,3.5,65.4,912.8,51.39,25970.0,0.0
86100,67.0,78.0,83.0,1.2,1.4,1.5,3.6,64.8,912.8,51.39,25970.0,0.0
86160,67.0,78.0,83.0,1.2,1.4,1.5,3.7,64.4,912.8,51.39,25970.0,0.0
86220,67.0,78.0,83.0,1.2,1.4,1.5,3.8,64.2,912.8,51.39,25970.0,0.0
86280,80.0,91.0,96.0,1.0,1.3,1.4,3.8,63.8,912.8,51.39,25970.0,0.0
86340,80.0,91.0,96.0,1.0,1.3,1.4,4.0,63.2,912.8,51.39,25970.0,0.0
